935380.176311 1916016.21824 0
935380.450161 1916016.07191 0
935380.81211 1916015.84723 0
935381.085447 1916015.63433 0
935381.367228 1916015.36588 0
935381.666321 1916015.04184 0
935381.991852 1916014.6954 0
935382.352862 1916014.34868 0
935382.766919 1916013.97937 0
935383.22541 1916013.62082 0
935383.6926 1916013.24 0
935383.939499 1916013.04949 0
935384.195012 1916012.82563 0
935384.450696 1916012.62396 0
935384.706209 1916012.4001 0
935384.970507 1916012.16508 0
935385.20828 1916011.94136 0
935385.463537 1916011.68421 0
935385.710181 1916011.46042 0
935385.983006 1916011.18096 0
935386.238264 1916010.92381 0
935386.493521 1916010.66667 0
935386.757562 1916010.39837 0
935387.021774 1916010.15225 0
935387.267991 1916009.87299 0
935387.523333 1916009.62694 0
935387.760851 1916009.36994 0
935388.016194 1916009.12389 0
935388.262581 1916008.86682 0
935388.48236 1916008.60995 0
935388.719963 1916008.36404 0
935388.930872 1916008.10724 0
935389.141781 1916007.85044 0
935389.334865 1916007.58268 0
935389.519079 1916007.31499 0
935389.685469 1916007.03634 0
935389.834205 1916006.76893 0
935389.956161 1916006.47953 0
935390.069162 1916006.1791 0
935390.179773 1916005.56804 0
935390.239556 1916005.26803 0
935390.235117 1916004.69114 0
935390.150851 1916004.11486 0
935390.086459 1916003.8158 0
935389.878444 1916003.29595 0
935389.608769 1916002.83205 0
935389.268221 1916002.37979 0
935388.901576 1916001.9943 0
935388.490925 1916001.65352 0
935388.089399 1916001.34596 0
935387.679259 1916001.07175 0
935387.278075 1916000.80856 0
935386.859066 1916000.53442 0
935386.449438 1916000.32677 0
935386.03964 1916000.09694 0
935385.549844 1915999.84553 0
935385.069088 1915999.61624 0
935384.588077 1915999.35367 0
935384.294438 1915999.23389 0
935383.742383 1915998.96077 0
935383.439789 1915998.82996 0
935383.15485 1915998.68793 0
935382.86104 1915998.54596 0
935382.549491 1915998.40412 0
935382.246898 1915998.27331 0
935381.926394 1915998.12046 0
935381.605975 1915997.97869 0
935381.294341 1915997.82576 0
935381.000532 1915997.68379 0
935380.715592 1915997.54175 0
935380.430652 1915997.39972 0
935380.163281 1915997.23535 0
935379.878341 1915997.09332 0
935379.6021 1915996.92902 0
935379.343513 1915996.7535 0
935379.085097 1915996.60016 0
935378.835294 1915996.41347 0
935378.380208 1915996.06195 0
935378.165628 1915995.8417 0
935377.763418 1915995.44539 0
935377.387647 1915995.02668 0
935377.055968 1915994.57436 0
935376.750813 1915994.11073 0
935376.472181 1915993.6358 0
935376.228943 1915993.14951 0
935375.98579 1915992.67431 0
935375.75125 1915992.16576 0
935375.498801 1915991.63516 0
935375.237311 1915991.08243 0
935375.110915 1915990.79495 0
935374.97565 1915990.50753 0
935374.831173 1915990.1758 0
935374.695822 1915989.87728 0
935374.542476 1915989.54562 0
935374.398 1915989.21389 0
935374.235698 1915988.87121 0
935374.091136 1915988.52839 0
935373.946574 1915988.18556 0
935373.784273 1915987.84288 0
935373.630841 1915987.50012 0
935373.486279 1915987.1573 0
935373.323978 1915986.81461 0
935373.179501 1915986.48289 0
935372.999631 1915986.16253 0
935372.837586 1915985.85312 0
935372.67537 1915985.52153 0
935372.49567 1915985.22336 0
935372.307101 1915984.92525 0
935372.127402 1915984.62708 0
935371.921264 1915984.3513 0
935371.723996 1915984.07545 0
935371.509074 1915983.81083 0
935371.294237 1915983.55731 0
935371.061661 1915983.30392 0
935370.829256 1915983.07272 0
935370.60572 1915982.84145 0
935370.36453 1915982.62142 0
935370.114642 1915982.42363 0
935369.864753 1915982.22585 0
935369.61495 1915982.03917 0
935369.356362 1915981.86364 0
935369.097945 1915981.71031 0
935368.563458 1915981.41486 0
935368.055921 1915981.16359 0
935367.5309 1915980.94574 0
935366.997523 1915980.79452 0
935366.4731 1915980.65433 0
935365.966844 1915980.56946 0
935365.469713 1915980.51782 0
935364.972754 1915980.48836 0
935364.5117 1915980.5141 0
935364.050987 1915980.58421 0
935363.599401 1915980.68754 0
935363.201289 1915980.82374 0
935362.803263 1915980.97104 0
935362.423232 1915981.15148 0
935362.043371 1915981.3541 0
935361.699161 1915981.57865 0
935361.363906 1915981.81422 0
935361.028736 1915982.06088 0
935360.702435 1915982.30747 0
935360.376306 1915982.57626 0
935360.050262 1915982.85613 0
935359.724303 1915983.1471 0
935359.39843 1915983.44917 0
935359.099166 1915983.75103 0
935358.817642 1915984.05275 0
935358.527418 1915984.37673 0
935358.25502 1915984.71167 0
935358.009145 1915985.03531 0
935357.754571 1915985.3812 0
935357.526862 1915985.76017 0
935357.316808 1915986.12791 0
935357.098055 1915986.51791 0
935356.888256 1915986.91894 0
935356.687243 1915987.3088 0
935356.503968 1915987.69852 0
935356.338689 1915988.12139 0
935356.191235 1915988.55522 0
935356.08813 1915988.98871 0
935355.98528 1915989.45547 0
935355.90017 1915989.92211 0
935355.84167 1915990.38853 0
935355.792209 1915990.87708 0
935355.733879 1915991.36569 0
935355.69346 1915991.87636 0
935355.670865 1915992.39798 0
935355.657481 1915992.96391 0
935355.644183 1915993.54094 0
935355.637704 1915993.85164 0
935355.640096 1915994.16227 0
935355.642487 1915994.47291 0
935355.653834 1915994.79456 0
935355.647526 1915995.12745 0
935355.650003 1915995.44918 0
935355.652651 1915995.79309 0
935355.646514 1915996.14817 0
935355.640377 1915996.50325 0
935355.643025 1915996.84716 0
935355.636974 1915997.21333 0
935355.622138 1915997.59067 0
935355.625042 1915997.96786 0
935355.610206 1915998.3452 0
935355.61311 1915998.72239 0
935355.59836 1915999.11082 0
935355.59248 1915999.49918 0
935355.586684 1915999.89863 0
935355.55428 1916000.29829 0
935355.539701 1916000.70891 0
935355.498427 1916001.10863 0
935355.448369 1916001.51952 0
935355.380486 1916001.91945 0
935355.303734 1916002.31945 0
935355.235937 1916002.73048 0
935355.185964 1916003.15246 0
935355.153645 1916003.56321 0
935355.103502 1916003.963 0
935355.061801 1916004.30726 0
935355.037669 1916004.62919 0
935354.988123 1916005.10664 0
935354.964418 1916005.48405 0
935354.922974 1916005.86158 0
935354.819527 1916006.25069 0
935354.662606 1916006.60693 0
935354.478905 1916006.94119 0
935354.29452 1916007.18669 0
935354.505172 1916006.8966 0
935354.724437 1916006.57317 0
935354.917435 1916006.29432 0
935355.119046 1916005.98212 0
935355.3291 1916005.61437 0
935355.547426 1916005.16891 0
935355.77445 1916004.70118 0
935355.992178 1916004.17806 0
935356.114218 1916003.89975 0
935356.254084 1916003.6324 0
935356.420558 1916003.36485 0
935356.613641 1916003.09709 0
935356.82472 1916002.86248 0
935357.080062 1916002.61643 0
935357.371224 1916002.41448 0
935357.662642 1916002.24582 0
935357.972056 1916002.1103 0
935358.299551 1916002.01902 0
935358.822265 1916001.93733 0
935359.150101 1916001.89043 0
935359.709489 1916001.96379 0
935360.251821 1916002.12603 0
935360.732662 1916002.36641 0
935361.035854 1916002.57488 0
935360.732919 1916002.3997 0
935360.447381 1916002.18 0
935360.223931 1916001.95983 0
935359.982229 1916001.67323 0
935359.757669 1916001.30883 0
935359.56816 1916000.88869 0
935359.404577 1916000.3796 0
935359.267262 1915999.82592 0
935359.193999 1915999.52693 0
935359.056769 1915998.98434 0
935358.963972 1915998.45251 0
935358.942134 1915997.92014 0
935358.982468 1915997.39838 0
935359.058452 1915996.89853 0
935359.152261 1915996.40964 0
935359.27285 1915995.94274 0
935359.393524 1915995.48693 0
935359.540978 1915995.0531 0
935359.697558 1915994.65249 0
935359.854224 1915994.26297 0
935360.010974 1915993.88454 0
935360.158941 1915993.51728 0
935360.306907 1915993.15002 0
935360.428521 1915992.81624 0
935360.550049 1915992.47137 0
935360.662879 1915992.14876 0
935360.775794 1915991.83724 0
935360.879924 1915991.53688 0
935361.036333 1915991.11408 0
935361.166305 1915990.71367 0
935361.296361 1915990.32435 0
935361.417975 1915989.99058 0
935361.530804 1915989.66796 0
935361.634935 1915989.3676 0
935361.756378 1915989.01164 0
935361.860338 1915988.68909 0
935361.946814 1915988.39997 0
935362.032949 1915988.06646 0
935362.119426 1915987.77734 0
935362.214601 1915987.46595 0
935362.318817 1915987.17669 0
935362.467211 1915986.86489 0
935362.668567 1915986.51941 0
935362.852781 1915986.25172 0
935363.054649 1915985.9728 0
935363.265472 1915985.7049 0
935363.493864 1915985.41468 0
935363.731211 1915985.13549 0
935363.968473 1915984.8452 0
935364.214434 1915984.53266 0
935364.442399 1915984.18697 0
935364.670449 1915983.85237 0
935364.898585 1915983.52887 0
935365.118022 1915983.22763 0
935365.328674 1915982.93754 0
935365.539412 1915982.65855 0
935365.723627 1915982.39086 0
935365.907926 1915982.13427 0
935366.092311 1915981.88877 0
935366.276611 1915981.63217 0
935366.452041 1915981.37564 0
935366.618602 1915981.11918 0
935366.785162 1915980.86272 0
935366.96008 1915980.53963 0
935367.160924 1915980.12758 0
935367.291493 1915979.80483 0
935367.413107 1915979.47105 0
935367.53455 1915979.11509 0
935367.682432 1915978.73673 0
935367.821529 1915978.36954 0
935367.942888 1915978.00248 0
935368.055376 1915977.63549 0
935368.159165 1915977.29076 0
935368.254085 1915976.94609 0
935368.349176 1915976.62361 0
935368.426697 1915976.32346 0
935368.504219 1915976.02331 0
935368.607496 1915975.61201 0
935368.711115 1915975.24509 0
935368.79708 1915974.8894 0
935368.874516 1915974.57815 0
935368.96031 1915974.20027 0
935369.037661 1915973.87793 0
935369.114586 1915973.50012 0
935369.165498 1915973.20017 0
935369.19833 1915972.85598 0
935369.23969 1915972.46735 0
935369.27201 1915972.0566 0
935369.287358 1915971.74583 0
935369.292727 1915971.29091 0
935369.281381 1915970.96925 0
935369.26108 1915970.63656 0
935369.240694 1915970.29279 0
935369.229177 1915969.94894 0
935369.208705 1915969.59407 0
935369.179278 1915969.22817 0
935369.15855 1915968.84002 0
935369.128952 1915968.45193 0
935369.090399 1915968.05282 0
935369.051847 1915967.65371 0
935369.013123 1915967.23241 0
935368.974399 1915966.81111 0
935368.944631 1915966.40083 0
935368.905993 1915965.99063 0
935368.885435 1915965.62466 0
935368.864878 1915965.2587 0
935368.844321 1915964.89273 0
935368.841845 1915964.571 0
935368.839368 1915964.24928 0
935368.845847 1915963.93858 0
935368.851301 1915963.49475 0
935368.857012 1915963.0842 0
935368.863064 1915962.71803 0
935368.878156 1915962.37398 0
935368.875509 1915962.03006 0
935368.881988 1915961.71936 0
935368.888467 1915961.40866 0
935368.894519 1915961.04249 0
935368.900058 1915960.60976 0
935368.905256 1915960.13264 0
935368.911735 1915959.82194 0
935368.909174 1915959.48912 0
935368.923924 1915959.1007 0
935368.947716 1915958.73439 0
935368.971507 1915958.36808 0
935368.994957 1915957.9574 0
935369.018663 1915957.58 0
935369.042369 1915957.2026 0
935369.066075 1915956.82519 0
935369.089696 1915956.4367 0
935369.113487 1915956.07039 0
935369.137193 1915955.69299 0
935369.152029 1915955.31566 0
935369.17565 1915954.92716 0
935369.199356 1915954.54976 0
935369.214107 1915954.16133 0
935369.237642 1915953.76174 0
935369.261263 1915953.37325 0
935369.275928 1915952.97373 0
935369.290423 1915952.55202 0
935369.305003 1915952.1414 0
935369.328453 1915951.73072 0
935369.351647 1915951.28675 0
935369.366227 1915950.87614 0
935369.380636 1915950.44333 0
935369.39496 1915949.99944 0
935369.400585 1915949.5778 0
935369.41508 1915949.15609 0
935369.420791 1915948.74554 0
935369.435371 1915948.33492 0
935369.450036 1915947.9354 0
935369.455917 1915947.54704 0
935369.461799 1915947.15869 0
935369.47655 1915946.77026 0
935369.491301 1915946.38183 0
935369.514836 1915945.98224 0
935369.538286 1915945.57156 0
935369.561565 1915945.13869 0
935369.575889 1915944.69479 0
935369.599339 1915944.28411 0
935369.613834 1915943.8624 0
935369.628499 1915943.46288 0
935369.643336 1915943.08554 0
935369.667383 1915942.75252 0
935369.691602 1915942.44168 0
935369.706096 1915942.01997 0
935369.721018 1915941.65373 0
935369.735598 1915941.24312 0
935369.749837 1915940.78813 0
935369.773287 1915940.37744 0
935369.779083 1915939.97799 0
935369.794517 1915939.67831 0
935369.809097 1915939.2677 0
935369.814295 1915938.79059 0
935369.802437 1915938.40237 0
935369.754843 1915937.98113 0
935369.66256 1915937.51587 0
935369.534712 1915937.03978 0
935369.424518 1915936.55246 0
935369.376156 1915936.03139 0
935369.407536 1915935.4986 0
935369.518659 1915934.95411 0
935369.727691 1915934.45324 0
935369.99028