931340.483481 1929881.91191 1
931340.366999 1929881.74644 1
931340.250516 1929881.58098 1
931340.134034 1929881.41551 1
931339.999567 1929881.2169 1
931339.856246 1929881.01837 1
931339.739672 1929880.8418 1
931339.59626 1929880.63218 1
931339.479686 1929880.45561 1
931339.354166 1929880.26803 1
931339.201808 1929880.04738 1
931339.076106 1929879.83761 1
931338.914892 1929879.61703 1
931338.780426 1929879.41842 1
931338.663852 1929879.24186 1
931338.529386 1929879.04326 1
931338.377027 1929878.82261 1
931338.242561 1929878.624 1
931338.090202 1929878.40335 1
931337.964774 1929878.22686 1
931337.830307 1929878.02825 1
931337.704878 1929877.85176 1
931337.55252 1929877.63112 1
931337.400161 1929877.41047 1
931337.238856 1929877.1788 1
931337.104481 1929876.99128 1
931336.970106 1929876.80377 1
931336.799855 1929876.56108 1
931336.638641 1929876.3405 1
931336.468481 1929876.10891 1
931336.343052 1929875.93242 1
931336.199731 1929875.73388 1
931336.047555 1929875.53542 1
931335.877395 1929875.30382 1
931335.734073 1929875.10529 1
931335.59988 1929874.93997 1
931335.474451 1929874.76348 1
931335.331221 1929874.57604 1
931335.188082 1929874.39969 1
931335.04476 1929874.20116 1
931334.892675 1929874.01379 1
931334.749445 1929873.82635 1
931334.615161 1929873.64994 1
931334.480968 1929873.48461 1
931334.337737 1929873.29718 1
931334.185652 1929873.10981 1
931334.024529 1929872.90033 1
931333.863589 1929872.71303 1
931333.72045 1929872.53669 1
931333.550289 1929872.30509 1
931333.398204 1929872.11772 1
931333.254883 1929871.91919 1
931333.09376 1929871.70971 1
931332.941401 1929871.48906 1
931332.816063 1929871.32366 1
931332.681688 1929871.13615 1
931332.538184 1929870.91543 1
931332.4039 1929870.73901 1
931332.287234 1929870.55136 1
931332.170751 1929870.38589 1
931332.027339 1929870.17626 1
931331.90191 1929869.99977 1
931331.74946 1929869.76803 1
931331.57008 1929869.49213 1
931331.444468 1929869.29345 1
931331.319039 1929869.11696 1
931331.166589 1929868.88521 1
931331.040978 1929868.68653 1
931330.924495 1929868.52107 1
931330.789937 1929868.31137 1
931330.646433 1929868.09064 1
931330.494256 1929867.89218 1
931330.377591 1929867.70453 1
931330.243216 1929867.51701 1
931330.117786 1929867.34052 1
931329.992448 1929867.17513 1
931329.849035 1929866.9655 1
931329.71466 1929866.77799 1
931329.5445 1929866.54639 1
931329.41907 1929866.3699 1
931329.284786 1929866.19348 1
931329.114717 1929865.97298 1
931328.953503 1929865.7524 1
931328.765541 1929865.50986 1
931328.631257 1929865.33344 1
931328.478989 1929865.12389 1
931328.309011 1929864.91448 1
931328.156834 1929864.71602 1
931328.013694 1929864.53967 1
931327.834679 1929864.30815 1
931327.664701 1929864.09874 1
931327.530416 1929863.92232 1
931327.369476 1929863.73503 1
931327.199406 1929863.51452 1
931327.065213 1929863.3492 1
931326.913036 1929863.15074 1
931326.778752 1929862.97432 1
931326.653413 1929862.80893 1
931326.483435 1929862.59952 1
931326.340296 1929862.42317 1
931326.188028 1929862.21362 1
931326.044797 1929862.02618 1
931325.910513 1929861.84976 1
931325.776228 1929861.67335 1
931325.615196 1929861.47496 1
931325.454073 1929861.26548 1
931325.301896 1929861.06702 1
931325.176558 1929860.90162 1
931324.997542 1929860.67009 1
931324.854311 1929860.48266 1
931324.720118 1929860.31733 1
931324.585833 1929860.14092 1
931324.42471 1929859.93143 1
931324.245786 1929859.711 1
931324.093609 1929859.51254 1
931323.914684 1929859.29211 1
931323.753652 1929859.09372 1
931323.601475 1929858.89526 1
931323.422641 1929858.68593 1
931323.288266 1929858.49842 1
931323.136271 1929858.32214 1
931323.002169 1929858.16792 1
931322.832099 1929857.94741 1
931322.689051 1929857.78216 1
931322.554766 1929857.60575 1
931322.402862 1929857.44057 1
931322.277524 1929857.27517 1
931322.080889 1929857.05489 1
931321.911002 1929856.85657 1
931321.767862 1929856.68023 1
931321.580447 1929856.50425 1
931321.41987 1929856.36133 1
931321.214745 1929856.1855 1
931321.009893 1929856.04294 1
931320.813988 1929855.91141 1
931320.573715 1929855.76915 1
931320.342389 1929855.63791 1
931320.155521 1929855.5285 1
931319.933232 1929855.41937 1
931319.684196 1929855.28828 1
931319.479709 1929855.1901 1
931319.27513 1929855.08083 1
931319.079498 1929854.98259 1
931318.821698 1929854.86266 1
931318.608355 1929854.76456 1
931318.412814 1929854.6774 1
931318.172815 1929854.56842 1
931317.959473 1929854.47032 1
931317.74613 1929854.37222 1
931317.541461 1929854.25186 1
931317.336791 1929854.13149 1
931317.060825 1929853.95624 1
931316.873865 1929853.83573 1
931316.695761 1929853.71515 1
931316.482054 1929853.57267 1
931316.277201 1929853.43012 1
931316.09006 1929853.28742 1
931315.929665 1929853.16669 1
931315.733577 1929853.01297 1
931315.546253 1929852.84809 1
931315.385767 1929852.71626 1
931315.207481 1929852.57349 1
931315.055759 1929852.4305 1
931314.841687 1929852.24365 1
931314.654363 1929852.07876 1
931314.502733 1929851.94687 1
931314.359866 1929851.80381 1
931314.208144 1929851.66082 1
931314.047385 1929851.49571 1
931313.904519 1929851.35265 1
931313.725867 1929851.1655 1
931313.591674 1929851.00018 1
931313.448716 1929850.84602 1
931313.323377 1929850.68063 1
