931343.833642 1929922.13717 0
931344.018595 1929922.0136 0
931344.230022 1929921.87872 0
931344.40612 1929921.75523 0
931344.591073 1929921.63167 0
931344.767171 1929921.50818 0
931344.934505 1929921.39585 0
931345.128222 1929921.26112 0
931345.304229 1929921.12653 0
931345.471472 1929921.00312 0
931345.62986 1929920.87977 0
931345.841014 1929920.71161 0
931346.043221 1929920.53243 0
931346.219137 1929920.38675 0
931346.403726 1929920.21881 0
931346.570786 1929920.0732 0
931346.74652 1929919.90533 0
931346.887016 1929919.75994 0
931347.06284 1929919.60317 0
931347.247338 1929919.42413 0
931347.423072 1929919.25626 0
931347.58995 1929919.08847 0
931347.792067 1929918.89819 0
931347.941235 1929918.73054 0
931348.09935 1929918.57391 0
931348.31023 1929918.37247 0
931348.485782 1929918.18241 0
931348.626095 1929918.01483 0
931348.792792 1929917.82485 0
931348.959579 1929917.64596 0
931349.108748 1929917.47831 0
931349.240298 1929917.3219 0
931349.406994 1929917.13191 0
931349.573691 1929916.94193 0
931349.713913 1929916.76326 0
931349.924338 1929916.50634 0
931350.082088 1929916.30534 0
931350.213456 1929916.12674 0
931350.353861 1929915.97025 0
931350.476464 1929915.80282 0
931350.625269 1929915.59079 0
931350.756454 1929915.39001 0
931350.88773 1929915.20031 0
931351.036261 1929914.955 0
931351.158227 1929914.70991 0
931351.253901 1929914.49832 0
931351.349666 1929914.29782 0
931351.445341 1929914.08623 0
931351.532069 1929913.86362 0
931351.618614 1929913.61882 0
931351.696305 1929913.37409 0
931351.765141 1929913.12943 0
931351.807776 1929912.92937 0
931351.841556 1929912.72938 0
931351.901446 1929912.4737 0
931351.952389 1929912.20701 0
931352.003151 1929911.91812 0
931352.045786 1929911.71806 0
931352.105493 1929911.44019 0
931352.156619 1929911.19568 0
931352.190035 1929910.95132 0
931352.232214 1929910.69578 0
931352.274212 1929910.41806 0
931352.290282 1929910.21822 0
931352.324062 1929910.01823 0
931352.35766 1929909.79606 0
931352.382312 1929909.56286 0
931352.407146 1929909.35185 0
931352.449052 1929909.06303 0
931352.456176 1929908.85217 0
931352.480828 1929908.61897 0
931352.50548 1929908.38577 0
931352.512603 1929908.17491 0
931352.519363 1929907.91967 0
931352.535342 1929907.70873 0
931352.524574 1929907.47582 0
931352.531242 1929907.20949 0
931352.520565 1929906.98768 0
931352.509797 1929906.75477 0
931352.498846 1929906.49967 0
931352.479496 1929906.30012 0
931352.450835 1929906.04517 0
931352.41332 1929905.79029 0
931352.366767 1929905.5133 0
931352.302595 1929905.24755 0
931352.247187 1929904.97062 0
931352.191961 1929904.71589 0
931352.145682 1929904.47218 0
931352.090729 1929904.25073 0
931352.017611 1929903.97396 0
931351.944858 1929903.74156 0
931351.881233 1929903.54237 0
931351.808752 1929903.34326 0
931351.718289 1929903.111 0
931351.627916 1929902.88984 0
931351.528688 1929902.66876 0
931351.429734 1929902.48096 0
931351.330689 1929902.28206 0
931351.213842 1929902.07221 0
931351.097087 1929901.87346 0
931350.980331 1929901.67471 0
931350.863667 1929901.48705 0
931350.755858 1929901.29932 0
931350.612264 1929901.06751 0
931350.495599 1929900.87985 0
931350.378844 1929900.6811 0
931350.253324 1929900.49351 0
931350.11895 1929900.306 0
931350.011232 1929900.12936 0
931349.894749 1929899.9639 0
931349.769321 1929899.78741 0
931349.643802 1929899.59982 0
931349.509245 1929899.39012 0
931349.374961 1929899.2137 0
931349.258115 1929899.00386 0
931349.106212 1929898.83868 0
931348.962983 1929898.65124 0
931348.810716 1929898.44168 0
931348.649685 1929898.2433 0
931348.533203 1929898.07783 0
931348.39892 1929897.90141 0
931348.264727 1929897.73609 0
931348.130444 1929897.55967 0
931347.99616 1929897.38325 0
931347.843985 1929897.18479 0
931347.691718 1929896.97524 0
931347.539724 1929896.79896 0
931347.42306 1929896.61131 0
931347.288685 1929896.42379 0
931347.145364 1929896.22526 0
931347.002135 1929896.03782 0
931346.876615 1929895.85024 0
931346.74224 1929895.66272 0
931346.589973 1929895.45317 0
931346.473491 1929895.2877 0
931346.339208 1929895.11128 0
931346.195978 1929894.92384 0
931346.034582 1929894.68108 0
931345.873369 1929894.4605 0
931345.721102 1929894.25095 0
931345.577782 1929894.05241 0
931345.407531 1929893.80972 0
931345.246409 1929893.60024 0
931345.111943 1929893.40163 0
931344.923983 1929893.15909 0
931344.762769 1929892.93851 0
931344.583664 1929892.69589 0
931344.413596 1929892.47539 0
931344.252565 1929892.277 0
931344.109335 1929892.08956 0
931343.975051 1929891.91314 0
931343.849714 1929891.74775 0
931343.688592 1929891.53826 0
931343.545362 1929891.35082 0
931343.393186 1929891.15236 0
931343.24101 1929890.9539 0
931343.097871 1929890.77756 0
931342.954641 1929890.59012 0
931342.829304 1929890.42472 0
931342.686165 1929890.24838 0
931342.543117 1929890.08313 0
931342.408834 1929889.90671 0
931342.27455 1929889.73029 0
931342.140084 1929889.53169 0
931341.987817 1929889.32213 0
931341.862479 1929889.15674 0
931341.701266 1929888.93616 0
931341.558036 1929888.74872 0
931341.397005 1929888.55033 0
931341.253684 1929888.3518 0
931341.110454 1929888.16436 0
931340.958278 1929887.9659 0
931340.823994 1929887.78948 0
931340.68971 1929887.61306 0
931340.537625 1929887.4257 0
931340.394487 1929887.24935 0
931340.251165 1929887.05082 0
931340.107935 1929886.86338 0
931339.973743 1929886.69806 0
931339.812712 1929886.49967 0
931339.669482 1929886.31223 0
931339.517397 1929886.12486 0
931339.392059 1929885.95947 0
931339.24892 1929885.78312 0
931339.114636 1929885.60671 0
931338.962551 1929885.41934 0
931338.828267 1929885.24292 0
931338.694075 1929885.0776 0
931338.550845 1929884.89016 0
931338.416652 1929884.72484 0
931338.264658 1929884.54856 0
931338.121337 1929884.35003 0
931337.987053 1929884.17361 0
931337.844005 1929884.00836 0
931337.70963 1929883.82085 0
931337.575437 1929883.65553 0
931337.450008 1929883.47904 0
931337.306778 1929883.2916 0
931337.154602 1929883.09314 0
931337.002426 1929882.89468 0
931336.850341 1929882.70731 0
931336.70711 1929882.51987 0
931336.563789 1929882.32134 0
931336.393903 1929882.12302 0
931336.268565 1929881.95763 1
931336.107716 1929881.78143 1
931335.999997 1929881.60479 1
931335.865895 1929881.45056 1
931335.731703 1929881.28524 1
931335.588472 1929881.0978 1
931335.463135 1929880.93241 1
931335.319904 1929880.74497 1
931335.158873 1929880.54658 1
931335.024498 1929880.35907 1
931334.890305 1929880.19375 1
931334.764967 1929880.02835 1
931334.621737 1929879.84091 1
931334.487453 1929879.66449 1
931334.335368 1929879.47713 1
931334.21003 1929879.31173 1
931334.048998 1929879.11334 1
931333.914623 1929878.92583 1
931333.73579 1929878.71649 1
931333.574577 1929878.49592 1
931333.431438 1929878.31957 1
931333.297245 1929878.15425 1
931333.154105 1929877.97791 1
931333.010875 1929877.79047 1
931332.858699 1929877.59201 1
931332.733361 1929877.42661 1
931332.616878 1929877.26114 1
931332.455846 1929877.06275 1
931332.303579 1929876.8532 1
931332.169295 1929876.67678 1
931332.017027 1929876.46723 1
931331.846776 1929876.22454 1
931331.712401 1929876.03702 1
931331.533385 1929875.8055 1
931331.390064 1929875.60697 1
931331.264635 1929875.43048 1
931331.112276 1929875.20983 1
931330.986847 1929875.03334 1
931330.843617 1929874.8459 1
931330.682311 1929874.61423 1
931330.565829 1929874.44876 1
931330.422598 1929874.26132 1
931330.288223 1929874.07381 1
931330.153939 1929873.89739 1
931329.992634 1929873.66572 1
931329.849312 1929873.46719 1
931329.697135 1929873.26873 1
931329.571797 1929873.10333 1
931329.428476 1929872.9048 1
931329.285336 1929872.72845 1
931329.150961 1929872.54094 1
931329.016768 1929872.37562 1
931328.900285 1929872.21015 1
931328.766092 1929872.04483 1
931328.631808 1929871.86841 1
931328.488668 1929871.69206 1
931328.36333 1929871.52667 1
931328.237992 1929871.36127 1
931328.094762 1929871.17383 1
931327.93373 1929870.97545 1
931327.781735 1929870.79917 1
931327.647451 1929870.62276 1
931327.504403 1929870.45751 1
931327.352317 1929870.27014 1
931327.217942 1929870.08263 1
931327.08384 1929869.9284 1
931326.958502 1929869.763 1
931326.806507 1929869.58673 1
931326.672223 1929869.41032 1
931326.538121 1929869.25609 1
931326.39489 1929869.06865 1
931326.233767 1929868.85917 1
931326.090537 1929868.67173 1
931325.93836 1929868.47327 1
931325.803984 1929868.28576 1
931325.651716 1929868.0762 1
931325.499448 1929867.86665 1
931325.320342 1929867.62403 1
931325.150272 1929867.40352 1
931325.006951 1929867.20499 1
931324.890467 1929867.03952 1
931324.765129 1929866.87413 1
931324.6397 1929866.69764 1
931324.487432 1929866.48808 1
931324.335073 1929866.26743 1
931324.200788 1929866.09102 1
931324.084305 1929865.92555 1
931323.941074 1929865.73811 1
931323.77986 1929865.51753 1
931323.600845 1929865.28601 1
931323.448485 1929865.06536 1
931323.278416 1929864.84485 1
931323.108255 1929864.61326 1
931322.947041 1929864.39268 1
931322.794864 1929864.19422 1
931322.624704 1929863.96262 1
931322.481564 1929863.78628 1
931322.329296 1929863.57672 1
931322.17721 1929863.38936 1
931322.042926 1929863.21294 1
931321.917587 1929863.04755 1
931321.747518 1929862.82704 1
931321.604287 1929862.6396 1
931321.443073 1929862.41903 1
931321.273094 1929862.20962 1
931321.120826 1929862.00006 1
931320.977595 1929861.81262 1
931320.834456 1929861.63628 1
931320.700171 1929861.45986 1
931320.583688 1929861.29439 1
931320.422656 1929861.09601 1
931320.288371 1929860.91959 1
931320.136194 1929860.72113 1
931320.010855 1929860.55573 1
931319.858496 1929860.33508 1
931319.706319 1929860.13662 1
931319.562906 1929859.927 1
931319.419675 1929859.73956 1
931319.267407 1929859.53 1
931319.150832 1929859.35344 1
931319.00751 1929859.15491 1
931318.864279 1929858.96747 1
931318.738758 1929858.77989 1
931318.61342 1929858.61449 1
931318.443077 1929858.3607 1
931318.299846 1929858.17327 1
931318.147486 1929857.95262 1
931318.013111 1929857.7651 1
931317.878826 1929857.58869 1
931317.762251 1929857.41213 1
931317.601037 1929857.19155 1
931317.475698 1929857.02615 1
931317.332467 1929856.83871 1
931317.207038 1929856.66222 1
931317.081699 1929856.49683 1
931316.956361 1929856.33143 1
931316.786291 1929856.11093 1
931316.660952 1929855.94553 1
931316.535614 1929855.78014 1
931316.365453 1929855.54854 1
931316.231259 1929855.38322 1
931316.052334 1929855.16279 1
931315.900066 1929854.95323 1
931315.739034 1929854.75485 1
931315.595803 1929854.56741 1
931315.470464 1929854.40201 1
931315.291448 1929854.17049 1
931315.130233 1929853.94991 1
931314.960072 1929853.71831 1
931314.825787 1929853.5419 1
931314.691411 1929853.35439 1
931314.557035 1929853.16687 1
931314.431697 1929853.00148 1
931314.297412 1929852.82506 1
931314.15409 1929852.62653 1
931313.992875 1929852.40595 1
931313.849461 1929852.19633 1
931313.70623 1929852.00889 1
931313.5808 1929851.8324 1
931313.464317 1929851.66693 1
931313.294156 1929851.43533 1
931313.150925 1929851.24789 1
931313.025495 1929851.0714 1
931312.900156 1929850.90601 1
931312.783581 1929850.72944 1
931312.631313 1929850.51989 1
931312.452205 1929850.27727 1
931312.326776 1929850.10078 1
931312.156614 1929849.86918 1
931312.004437 1929849.67072 1
931311.879007 1929849.49423 1
931311.753668 1929849.32884 1
931311.637185 1929849.16337 1
931311.511755 1929848.98688 1
931311.368524 1929848.79944 1
931311.225292 1929848.612 1
931311.064169 1929848.40252 1
931310.947594 1929848.22596 1
931310.813309 1929848.04954 1
931310.661131 1929847.85108 1
931310.499916 1929847.63051 1
931310.356685 1929847.44307 1
931310.204507 1929847.24461 1
931310.070222 1929847.06819 1
931309.90919 1929846.8698 1
931309.747975 1929846.64923 1
931309.568958 1929846.4177 1
931309.398888 1929846.1972 1
931309.246802 1929846.00983 1
931309.10357 1929845.8224 1
931308.951484 1929845.63503 1
931308.81729 1929845.46971 1
931308.665204 1929845.28234 1
931308.521972 1929845.0949 1
931308.369886 1929844.90754 1
931308.226745 1929844.73119 1
931308.065713 1929844.53281 1
931307.922572 1929844.35646 1
931307.788379 1929844.19114 1
931307.654093 1929844.01472 1
931307.492878 1929843.79415 1
931307.358684 1929843.62882 1
931307.2422 1929843.46335 1
931307.107915 1929843.28694 1
931306.97363 1929843.11052 1
931306.839254 1929842.92301 1
931306.704877 1929842.7355 1
931306.561555 1929842.53697 1
931306.436034 1929842.34938 1
931306.310695 1929842.18399 1
931306.158426 1929841.97443 1
931306.015012 1929841.7648 1
931305.880635 1929841.57729 1
931305.746259 1929841.38978 1
931305.629775 1929841.22431 1
931305.477506 1929841.01476 1
931305.334184 1929840.81623 1
931305.17306 1929840.60674 1
931305.056576 1929840.44128 1
931304.940001 1929840.26471 1
931304.787823 1929840.06625 1
931304.6445 1929839.86772 1
931304.49214 1929839.64707 1
931304.36671 1929839.47058 1
931304.250135 1929839.29402 1
931304.142415 1929839.11739 1
931303.999092 1929838.91885 1
931303.864624 1929838.72025 1
931303.729974 1929838.49945 1
931303.568668 1929838.26778 1
931303.4342 1929838.06918 1
931303.317625 1929837.89262 1
931303.192195 1929837.71613 1
931303.066673 1929837.52854 1
931302.941243 1929837.35205 1
931302.815813 1929837.17556 2
931302.681436 1929836.98805 2
931302.547151 1929836.81163 2
931302.395064 1929836.62427 2
931302.207192 1929836.39282 2
931302.055197 1929836.21655 2
931301.912239 1929836.06239 2
931301.724549 1929835.85313 2
931301.563698 1929835.67693 2
931301.411611 1929835.48956 2
931301.259616 1929835.31329 2
931301.116475 1929835.13695 2
931300.973335 1929834.9606 2
931300.821248 1929834.77324 2
931300.678107 1929834.59689 2
931300.499091 1929834.36537 2
931300.32902 1929834.14487 2
931300.185788 1929833.95743 2
931300.060449 1929833.79203 2
931299.899416 1929833.59364 2
931299.76513 1929833.41723 2
931299.630845 1929833.24081 2
931299.496651 1929833.07549 2
931299.371129 1929832.8879 2
931299.22808 1929832.72265 2
931299.084848 1929832.53522 2
931298.914777 1929832.31471 2
931298.771545 1929832.12728 2
931298.655061 1929831.96181 2
931298.520958 1929831.80758 2
931298.395619 1929831.64218 2
931298.252478 1929831.46584 2
931298.127139 1929831.30044 2
931297.983907 1929831.11301 2
931297.831729 1929830.91455 2
931297.688406 1929830.71601 2
931297.545083 1929830.51748 2
931297.392905 1929830.31902 2
931297.258619 1929830.1426 2
931297.115296 1929829.94407 2
931296.989957 1929829.77868 2
931296.846634 1929829.58014 2
931296.721294 1929829.41475 2
931296.577971 1929829.21622 2
931296.443686 1929829.0398 2
931296.264577 1929828.79718 2
931296.130383 1929828.63186 2
931295.951366 1929828.40033 2
931295.799188 1929828.20187 2
931295.682612 1929828.02531 2
931295.530525 1929827.83795 2
931295.369492 1929827.63956 2
931295.199512 1929827.43015 2
931295.065318 1929827.26483 2
931294.877445 1929827.03338 2
931294.716503 1929826.84608 2
931294.582217 1929826.66967 2
931294.421275 1929826.48237 2
931294.26015 1929826.27289 2
931294.09008 1929826.05239 2
931293.911245 1929825.84305 2
931293.776959 1929825.66664 2
931293.624872 1929825.47927 2
931293.472785 1929825.29191 2
931293.338499 1929825.11549 2
931293.195267 1929824.92805 2
931293.034142 1929824.71857 2
931292.864162 1929824.50916 2
931292.703038 1929824.29968 2
931292.577698 1929824.13428 2
931292.443412 1929823.95787 2
931292.25554 1929823.72642 2
931292.103179 1929823.50577 2
931291.951092 1929823.3184 2
931291.825753 1929823.15301 2
931291.691467 1929822.97659 2
931291.539288 1929822.77813 2
931291.369217 1929822.55763 2
931291.216948 1929822.34807 2
931291.082753 1929822.18275 2
931290.948467 1929822.00633 2
931290.81409 1929821.81882 2
931290.653056 1929821.62044 2
931290.500787 1929821.41088 2
931290.366592 1929821.24556 2
931290.232215 1929821.05805 2
931290.080128 1929820.87068 2
931289.945842 1929820.69427 2
931289.802701 1929820.51792 2
931289.63263 1929820.29742 2
931289.498435 1929820.1321 2
931289.355203 1929819.94466 2
931289.176094 1929819.70204 2
931289.015152 1929819.51475 2
931288.880957 1929819.34943 2
931288.737816 1929819.17308 2
931288.621331 1929819.00761 2
931288.487137 1929818.84229 2
931288.317156 1929818.63288 2
931288.147176 1929818.42348 2
931287.995089 1929818.23611 2
931287.825109 1929818.0267 2
931287.681968 1929817.85036 2
931287.511988 1929817.64095 2
931287.386648 1929817.47555 2
931287.252453 1929817.31023 2
931287.082473 1929817.10082 2
931286.948187 1929816.92441 2
931286.787153 1929816.72602 2
931286.6169 1929816.48333 2
931286.446828 1929816.26283 2
931286.29465 1929816.06437 2
931286.169219 1929815.88788 2
931286.025804 1929815.67825 2
931285.900464 1929815.51286 2
931285.748195 1929815.3033 2
931285.569086 1929815.06068 2
931285.434617 1929814.86208 2
931285.309186 1929814.68559 2
931285.138932 1929814.4429 2
931284.995609 1929814.24436 2
931284.879124 1929814.0789 2
931284.744747 1929813.89139 2
931284.628262 1929813.72592 2
931284.449244 1929813.49439 2
931284.314867 1929813.30688 2
931284.189527 1929813.14149 2
931284.037257 1929812.93193 2
931283.903062 1929812.76661 2
931283.768959 1929812.61238 2
931283.643619 1929812.44699 2
931283.47373 1929812.24867 2
931283.339444 1929812.07226 2
931283.17841 1929811.87387 2
931283.03536 1929811.70862 2
931282.883363 1929811.53235 2
931282.758023 1929811.36696 2
931282.596989 1929811.16857 2
931282.435955 1929810.97018 2
931282.310615 1929810.80479 2
931282.167383 1929810.61735 2
931282.024059 1929810.41882 2
931281.889682 1929810.23131 2
931281.746267 1929810.02168 2
931281.620836 1929809.84519 2
931281.495405 1929809.6687 2
931281.334097 1929809.43703 2
931281.181644 1929809.20529 2
931281.047176 1929809.00668 2
931280.885777 1929808.76392 2
931280.769292 1929808.59845 2
931280.643861 1929808.42196 2
931280.500446 1929808.21233 2
931280.35694 1929807.99161 2
931280.231417 1929807.80403 2
931280.105895 1929807.61645 2
931279.98941 1929807.45098 2
931279.828194 1929807.2304 2
931279.693816 1929807.04289 2
931279.559439 1929806.85538 2
931279.42497 1929806.65678 2
931279.281555 1929806.44715 2
931279.16507 1929806.28168 2
931279.039639 1929806.10519 2
931278.88746 1929805.90673 2
931278.744136 1929805.7082 2
931278.627651 1929805.54273 2
931278.457488 1929805.31114 2
931278.296454 1929805.11275 2
931278.144183 1929804.9032 2
931278.009897 1929804.72678 2
931277.857627 1929804.51723 2
931277.714303 1929804.31869 2
931277.562215 1929804.13133 2
931277.436875 1929803.96593 2
931277.266894 1929803.75653 2
931277.123662 1929803.56909 2
931276.962627 1929803.3707 2
931276.819394 1929803.18326 2
931276.676253 1929803.00692 2
931276.488288 1929802.76437 2
931276.318399 1929802.56606 2
931276.121579 1929802.32359 2
931275.942652 1929802.10316 2
931275.772763 1929801.90484 2
931275.629621 1929801.7285 2
931275.495426 1929801.56318 2
931275.316681 1929801.36494 2
931275.155647 1929801.16655 2
931274.994704 1929800.97926 2
931274.780356 1929800.75912 2
931274.619413 1929800.57183 2
931274.476271 1929800.39548 2
931274.306564 1929800.21936 2
931274.163514 1929800.05411 2
931273.984769 1929799.85587 2
931273.841627 1929799.67952 2
931273.698485 1929799.50318 2
931273.528414 1929799.28268 2
931273.358342 1929799.06218 2
931273.215109 1929798.87474 2
931273.045128 1929798.66533 2
931272.874873 1929798.42264 2
931272.731549 1929798.22411 2
931272.588407 1929798.04776 2
931272.471831 1929797.8712 2
931272.301759 1929797.6507 2
931272.167381 1929797.46319 2
931272.015019 1929797.24254 2
931271.889679 1929797.07714 2
931271.737317 1929796.8565 2
931271.585138 1929796.65804 2
931271.406028 1929796.41542 2
931271.253758 1929796.20587 2
931271.092541 1929795.98529 2
931270.931415 1929795.77581 2
931270.788273 1929795.59947 2
931270.609163 1929795.35685 2
931270.465839 1929795.15832 2
931270.286821 1929794.92679 2
931270.143496 1929794.72826 2
931269.982279 1929794.50768 2
931269.839046 1929794.32025 2
931269.695904 1929794.1439 2
931269.570564 1929793.97851 2
931269.400492 1929793.75801 2
931269.275151 1929793.59261 2
931269.096315 1929793.38328 2
931268.961937 1929793.19577 2
931268.78301 1929792.97534 2
931268.612755 1929792.73264 2
931268.433828 1929792.51222 2
931268.272793 1929792.31383 2
931268.147453 1929792.14843 2
931267.959396 1929791.89479 2
931267.807399 1929791.71852 2
931267.673112 1929791.54211 2
931267.50304 1929791.3216 2
931267.342005 1929791.12322 2
931267.163078 1929790.90279 2
931267.01099 1929790.71542 0
931266.876885 1929790.5612 0
931266.733652 1929790.37376 0
931266.59051 1929790.19741 0
931266.447094 1929789.98779 0
931266.321663 1929789.8113 0
931266.169574 1929789.62393 0
931266.035196 1929789.43642 0
931265.873979 1929789.21585 0
931265.721799 1929789.01739 0
931265.569619 1929788.81893 0
931265.435241 1929788.63142 0
931265.318756 1929788.46595 0
931265.139828 1929788.24552 0
931264.987649 1929788.04706 0
931264.871163 1929787.8816 0
931264.737059 1929787.72737 0
931264.602772 1929787.55095 0
931264.477431 1929787.38556 0
931264.307359 1929787.16505 0
931264.146324 1929786.96667 0
931263.994235 1929786.7793 0
931263.86004 1929786.61398 0
931263.698914 1929786.4045 0
931263.564718 1929786.23918 0
931263.403592 1929786.0297 0
931263.260541 1929785.86445 0
931263.126436 1929785.71022 0
931262.99224 1929785.5449 0
931262.813221 1929785.31337 0
931262.652095 1929785.10389 0
931262.517717 1929784.91638 0
931262.392376 1929784.75099 0
931262.240105 1929784.54144 0
931262.114673 1929784.36495 0
931261.998188 1929784.19948 0
931261.836879 1929783.96781 0
931261.693463 1929783.75818 0
931261.559176 1929783.58177 0
931261.41576 1929783.37214 0
931261.290329 1929783.19565 0
931261.147095 1929783.00821 0
931261.021754 1929782.84282 0
931260.887285 1929782.64421 0
931260.735014 1929782.43466 0
931260.582834 1929782.2362 0
931260.448547 1929782.05979 0
931260.314168 1929781.87227 0
931260.135241 1929781.65185 0
931259.974114 1929781.44236 0
931259.839918 1929781.27704 0
931259.696685 1929781.08961 0
931259.562398 1929780.91319 0
931259.410218 1929780.71473 0
931259.275839 1929780.52722 0
931259.141643 1929780.3619 0
931259.016211 1929780.18541 0
931258.855085 1929779.97593 0
931258.667028 1929779.72229 0
931258.523795 1929779.53485 0
931258.389507 1929779.35843 0
931258.25522 1929779.18202 0
931258.129879 1929779.01662 0
931257.968662 1929778.79605 0
931257.825337 1929778.59752 0
931257.673157 1929778.39906 0
931257.502902 1929778.15637 0
931257.359668 1929777.96893 0
931257.198541 1929777.75945 0
931257.037233 1929777.52778 0
931256.884961 1929777.31823 0
931256.741636 1929777.11969 0
931256.598403 1929776.93226 0
931256.455169 1929776.74482 0
931256.311844 1929776.54629 0
931256.16861 1929776.35885 0
931256.034323 1929776.18243 0
931255.908891 1929776.00594 0
931255.774604 1929775.82953 0
931255.63137 1929775.64209 0
931255.470152 1929775.42152 0
931255.27324 1929775.16795 0
931255.06729 1929774.89227 0
931254.879324 1929774.64972 0
931254.70916 1929774.41813 0
931254.539087 1929774.19762 0
931254.369105 1929773.98822 0
931254.216925 1929773.78976 0
931254.055799 1929773.58028 0
931253.87687 1929773.35985 0
931253.697851 1929773.12832 0
931253.536815 1929772.92994 0
931253.384727 1929772.74257 0
931253.232638 1929772.55521 0
931253.089495 1929772.37886 0
931252.955299 1929772.21354 0
931252.785317 1929772.00414 0
931252.633228 1929771.81677 0
931252.481048 1929771.61831 0
931252.311066 1929771.4089 0
931252.185725 1929771.24351 0
931252.051437 1929771.06709 0
931251.881273 1929770.8355 0
931251.729093 1929770.63704 0
931251.559111 1929770.42763 0
931251.43377 1929770.26224 0
931251.299482 1929770.08582 0
931251.147302 1929769.88736 0
931251.004068 1929769.69992 0
931250.860834 1929769.51249 0
931250.726546 1929769.33607 0
931250.583312 1929769.14863 0
931250.439987 1929768.9501 0
931250.278952 1929768.75171 0
931250.135718 1929768.56428 0
931249.992484 1929768.37684 0
931249.867143 1929768.21144 0
931249.679268 1929767.97999 0
931249.536034 1929767.79256 0
931249.374907 1929767.58308 0
931249.195887 1929767.35155 0
931249.034943 1929767.16426 0
931248.873816 1929766.95478 0
931248.730582 1929766.76734 0
931248.596477 1929766.61311 0
931248.426312 1929766.38152 0
931248.265277 1929766.18313 0
931248.122043 1929765.99569 0
931247.969862 1929765.79724 0
931247.817773 1929765.60987 0
931247.674448 1929765.41134 0
931247.495337 1929765.16872 0
931247.343247 1929764.98136 0
931247.20896 1929764.80494 0
931247.083618 1929764.63955 0
931246.913545 1929764.41904 0
931246.761364 1929764.22059 0
931246.644878 1929764.05512 0
931246.492698 1929763.85666 0
931246.340517 1929763.6582 0
931246.170444 1929763.4377 0
931246.02721 1929763.25026 0
931245.875029 1929763.0518 0
931245.713811 1929762.83123 0
931245.570577 1929762.64379 0
931245.436289 1929762.46737 0
931245.302092 1929762.30205 0
931245.132019 1929762.08155 0
931244.970892 1929761.87207 0
931244.800727 1929761.64047 0
931244.657584 1929761.46413 0
931244.496457 1929761.25465 0
931244.317437 1929761.02313 0
931244.15631 1929760.81365 0
931244.004221 1929760.62628 0
931243.870024 1929760.46096 0
931243.744591 1929760.28447 0
931243.583464 1929760.07499 0
931243.404353 1929759.83237 0
931243.261028 1929759.63384 0
931243.090954 1929759.41334 0
931242.920789 1929759.18174 0
931242.759662 1929758.97226 0
931242.616428 1929758.78483 0
931242.482049 1929758.59732 0
931242.356616 1929758.42083 0
931242.186451 1929758.18923 0
931242.06111 1929758.02384 0
931241.944623 1929757.85837 0
931241.810427 1929757.69305 0
931241.684903 1929757.50547 0
931241.541668 1929757.31803 0
931241.398434 1929757.13059 0
931241.273001 1929756.9541 0
931241.093981 1929756.72258 0
931240.932671 1929756.49091 0
931240.80733 1929756.32552 0
931240.62831 1929756.09399 0
931240.476038 1929755.88444 0
931240.288071 1929755.64189 0
931240.073265 1929755.36629 0
931239.885207 1929755.11265 0
931239.688385 1929754.87017 0
931239.509365 1929754.63865 0
931239.339383 1929754.42924 0
931239.1694 1929754.21984 0
931239.01731 1929754.03247 0
931238.865221 1929753.84511 0
931238.722078 1929753.66876 0
931238.534202 1929753.43731 0
931238.373075 1929753.22783 0
931238.220894 1929753.02938 0
931238.07775 1929752.85303 0
931237.925387 1929752.63238 0
931237.782244 1929752.45604 0
931237.603223 1929752.22452 0
931237.450951 1929752.01497 0
931237.289824 1929751.80549 0
931237.155444 1929751.61798 0
931237.021156 1929751.44156 0
931236.860029 1929751.23208 0
931236.716886 1929751.05574 0
931236.537865 1929750.82421 0
931236.403486 1929750.6367 0
931236.251305 1929750.43824 0
931236.081231 1929750.21774 0
931235.92905 1929750.01928 0
931235.79467 1929749.83177 0
931235.660382 1929749.65536 0
931235.499163 1929749.43478 0
931235.320052 1929749.19217 0
931235.132085 1929748.94962 0
931234.962011 1929748.72912 0
931234.809738 1929748.51957 0
931234.675359 1929748.33206 0
931234.541071 1929748.15564 0
931234.415638 1929747.97915 0
931234.236526 1929747.73654 0
931234.111184 1929747.57114 0
931233.98566 1929747.38356 0
931233.842334 1929747.18503 0
931233.690062 1929746.97547 0
931233.528843 1929746.7549 0
931233.385517 1929746.55637 0
931233.242282 1929746.36893 0
931233.116849 1929746.19244 0
931233.000362 1929746.02697 0
931232.830197 1929745.79538 0
931232.686962 1929745.60794 0
931232.543636 1929745.40941 0
931232.355578 1929745.15577 0
931232.203305 1929744.94622 0
931232.033231 1929744.72572 0
931231.872195 1929744.52733 0
931231.737815 1929744.33982 0
931231.603709 1929744.18559 0
931231.487223 1929744.02013 0
931231.335042 1929743.82167 0
931231.191898 1929743.64532 0
931231.03077 1929743.43584 0
931230.860696 1929743.21534 3
931230.726408 1929743.03893 3
931230.574318 1929742.85156 3
931230.448884 1929742.67507 3
931230.261009 1929742.44362 3
931230.099881 1929742.23414 3
931229.938753 1929742.02466 3
931229.750877 1929741.79321 3
931229.625535 1929741.62782 3
931229.491247 1929741.4514 3
931229.330119 1929741.24192 3
931229.186884 1929741.05449 3
931229.034794 1929740.86712 3
931228.900505 1929740.69071 3
931228.730431 1929740.4702 3
931228.560448 1929740.2608 3
931228.426342 1929740.10657 3
931228.301 1929739.94118 3
931228.131017 1929739.73177 3
931227.996729 1929739.55535 3
931227.81789 1929739.34602 3
931227.656854 1929739.14763 3
931227.486962 1929738.94932 3
931227.334963 1929738.77305 3
931227.209621 1929738.60766 3
931227.021927 1929738.39839 3
931226.860982 1929738.2111 3
931226.682143 1929738.00177 3
931226.539091 1929737.83652 3
931226.351397 1929737.62726 3
931226.154757 1929737.40698 3
931225.967155 1929737.20881 3
931225.806209 1929737.02152 3
931225.645446 1929736.85641 3
931225.484592 1929736.68022 3
931225.341722 1929736.53716 3
931225.198852 1929736.3941 3
931225.038089 1929736.22899 3
931224.823739 1929736.00886 3
931224.573785 1929735.76682 3
931224.350579 1929735.54676 3
931224.136228 1929735.32662 3
931223.921969 1929735.11758 3
931223.743404 1929734.94153 3
931223.564839 1929734.76548 3
931223.39513 1929734.58935 3
931223.243313 1929734.43527 3
931223.055711 1929734.2371 3
931222.734367 1929733.92909 3
931222.475558 1929733.68712 3
931222.26139 1929733.48918 3
931222.056077 1929733.29115 3
931221.877512 1929733.1151 3
931221.707803 1929732.93898 3
931221.547131 1929732.78497 3
931221.395314 1929732.63089 3
931221.181055 1929732.42185 3
931221.002307 1929732.22361 3
931220.841544 1929732.0585 3
931220.707438 1929731.90428 3
931220.537546 1929731.70596 3
931220.367562 1929731.49656 3
931220.233456 1929731.34233 3
931220.054617 1929731.133 3
931219.893672 1929730.9457 3
931219.697031 1929730.72542 3
931219.535994 1929730.52704 3
931219.339445 1929730.31785 3
931219.151842 1929730.11968 3
931218.982133 1929729.94356 3
931218.812514 1929729.77853 3
931218.634041 1929729.61357 3
931218.437583 1929729.41548 3
931218.214468 1929729.20651 3
931217.982406 1929728.98651 3
931217.777185 1929728.79959 3
931217.580909 1929728.62368 3
931217.393489 1929728.4477 3
931217.232726 1929728.2826 3
931217.081 1929728.13961 3
931216.929183 1929727.98553 3
931216.732817 1929727.79853 3
931216.518466 1929727.5784 3
931216.330954 1929727.39132 3
931216.134496 1929727.19323 3
931215.919962 1929726.9509 3
931215.73236 1929726.75274 3
931215.562559 1929726.56552 3
931215.392757 1929726.3783 3
931215.231903 1929726.2021 3
931215.088941 1929726.04795 3
931214.892483 1929725.84985 3
931214.722773 1929725.67373 3
931214.517369 1929725.46462 3
931214.294162 1929725.24455 3
931214.088849 1929725.04653 3
931213.901428 1929724.87055 3
931213.722863 1929724.6945 3
931213.562191 1929724.54049 3
931213.419321 1929724.39743 3
931213.231627 1929724.18817 3
931213.061825 1929724.00095 3
931212.900879 1929723.81366 3
931212.72204 1929723.60433 3
931212.5254 1929723.38405 3
931212.382255 1929723.2077 3
931212.230256 1929723.03143 3
931212.078348 1929722.86626 3
931211.899508 1929722.65692 3
931211.711905 1929722.45876 3
931211.542104 1929722.27154 3
931211.390013 1929722.08417 3
931211.238105 1929721.919 3
931211.095052 1929721.75375 3
931210.951999 1929721.5885 3
931210.817892 1929721.43428 3
931210.630198 1929721.22501 3
931210.469161 1929721.02663 3
931210.281375 1929720.80627 3
931210.093589 1929720.58592 3
931209.94159 1929720.40965 3
931209.798354 1929720.22221 3
931209.637408 1929720.03492 3
931209.467515 1929719.83661 3
931209.315424 1929719.64924 3
931209.172371 1929719.484 3
931209.020371 1929719.30773 3
931208.877227 1929719.13138 3
931208.698297 1929718.91095 3
931208.546114 1929718.7125 3
931208.403061 1929718.54725 3
931208.259825 1929718.35981 3
931208.089659 1929718.12822 3
931207.937568 1929717.94085 3
931207.785294 1929717.7313 3
931207.624074 1929717.51073 3
931207.462945 1929717.30125 3
931207.328565 1929717.11374 3
931207.194184 1929716.92623 3
931207.06875 1929716.74974 3
931206.943407 1929716.58434 3
931206.817973 1929716.40786 3
931206.665608 1929716.18721 3
931206.486495 1929715.94459 3
931206.280542 1929715.66891 3
931206.065552 1929715.37112 3
931205.859599 1929715.09543 3
931205.671448 1929714.8307 3
931205.492243 1929714.57699 3
931205.313221 1929714.34547 3
931205.152001 1929714.12489 3
931204.990872 1929713.91541 3
931204.856491 1929713.72791 3
931204.713255 1929713.54047 3
931204.596768 1929713.375 3
931204.471425 1929713.20961 3
931204.346082 1929713.04421 3
931204.220648 1929712.86773 3
931204.095122 1929712.68014 3
931203.960742 1929712.49263 3
931203.808468 1929712.28308 3
931203.638118 1929712.0293 3
931203.485753 1929711.80865 3
931203.351099 1929711.58786 3
931203.225573 1929711.40028 3
931203.117849 1929711.22364 3
931202.983195 1929711.00285 3
931202.884235 1929710.81505 3
931202.785366 1929710.63834 3
931202.659567 1929710.41748 3
931202.551569 1929710.20756 3
931202.425679 1929709.9756 3
931202.309008 1929709.78794 3
931202.173988 1929709.52277 3
931202.030113 1929709.25768 3
931201.91326 1929709.04783 3
931201.778606 1929708.82704 3
931201.643677 1929708.57297 3
931201.500076 1929708.34115 3
931201.374368 1929708.13138 3
931201.266461 1929707.93256 3
931201.158737 1929707.75592 3
931201.032847 1929707.52397 3
931200.898009 1929707.28098 3
931200.790194 1929707.09326 3
931200.67325 1929706.87232 3
931200.538412 1929706.62934 3
931200.41243 1929706.38628 3
931200.295486 1929706.16534 3
931200.196617 1929705.98864 3
931200.079582 1929705.75661 3
931199.944562 1929705.49144 3
931199.800595 1929705.21524 3
931199.638553 1929704.89482 3
931199.494769 1929704.64082 3
931199.377642 1929704.39769 3
931199.260606 1929704.16566 3
931199.1527 1929703.96684 3
931199.05374 1929703.77904 3
931198.918902 1929703.53606 3
931198.819851 1929703.33716 3
931198.702998 1929703.12732 3
931198.577016 1929702.88426 3
931198.469109 1929702.68544 3
931198.370058 1929702.48655 3
931198.253205 1929702.2767 3
931198.145024 1929702.0446 3
931198.019133 1929701.81264 3
931197.911044 1929701.59163 3
931197.812084 1929701.40382 3
931197.686011 1929701.14968 3
931197.569157 1929700.93983 3
931197.461068 1929700.71882 3
931197.362108 1929700.53102 3
931197.245072 1929700.29899 3
931197.146204 1929700.12228 3
931197.029168 1929699.89025 3
931196.930299 1929699.71354 3
931196.822484 1929699.52581 3
931196.696775 1929699.31604 3
931196.597907 1929699.13934 3
931196.481145 1929698.94059 3
931196.382276 1929698.76388 3
931196.238674 1929698.53207 3
931196.113057 1929698.33339 3
931196.005059 1929698.12347 3
931195.88848 1929697.94691 3
931195.76268 1929697.72605 3
931195.618987 1929697.48314 3
931195.520119 1929697.30643 3
931195.394501 1929697.10776 3
931195.286503 1929696.89784 3
931195.169833 1929696.71018 3
931195.070964 1929696.53348 3
931194.9364 1929696.32378 3
931194.828585 1929696.13605 3
931194.702785 1929695.91519 3
931194.586114 1929695.72753 3
931194.460406 1929695.51776 3
931194.325933 1929695.31916 3
931194.209354 1929695.14259 3
931194.065844 1929694.92188 3
931193.93128 1929694.71218 3
931193.796807 1929694.51357 3
931193.680228 1929694.33701 3
931193.56374 1929694.17155 3
931193.411465 1929693.96199 3
931193.277084 1929693.77448 3
931193.142703 1929693.58697 3
931192.972535 1929693.35538 3
931192.847009 1929693.1678 4
931192.721666 1929693.0024 4
931192.596323 1929692.83701 4
931192.435284 1929692.63862 4
931192.309941 1929692.47323 4
931192.166704 1929692.28579 4
931192.050216 1929692.12033 4
931191.871193 1929691.88881 4
931191.736903 1929691.71239 4
931191.584629 1929691.50284 4
931191.414553 1929691.28234 4
931191.244568 1929691.07293 4
931191.083529 1929690.87455 4
931190.949148 1929690.68704 4
931190.823713 1929690.51055 4
931190.653637 1929690.29005 4
931190.510309 1929690.09152 4
931190.37611 1929689.9262 4
931190.241729 1929689.73869 4
931190.107347 1929689.55118 4
931189.981913 1929689.37469 4
931189.820691 1929689.15412 4
931189.695257 1929688.97763 4
931189.560784 1929688.77902 4
931189.435349 1929688.60254 4
931189.274037 1929688.37087 4
931189.112724 1929688.1392 4
931188.960358 1929687.91855 4
931188.808084 1929687.709 4
931188.682558 1929687.52142 4
931188.557123 1929687.34493 4
931188.3781 1929687.11341 4
931188.261611 1929686.94794 4
931188.145032 1929686.77138 4
931188.010742 1929686.59497 4
931187.867505 1929686.40753 4
931187.733215 1929686.23111 4
931187.607689 1929686.04353 4
931187.473307 1929685.85602 4
931187.347963 1929685.69063 4
931187.168849 1929685.44801 4
931187.025521 1929685.24948 4
931186.855353 1929685.01789 4
931186.712025 1929684.81936 4
931186.577735 1929684.64294 4
931186.443353 1929684.45543 4
931186.309063 1929684.27902 4
931186.183628 1929684.10253 4
931186.049338 1929683.92611 4
931185.87917 1929683.69452 4
931185.700055 1929683.4519 4
931185.547872 1929683.25344 4
931185.395597 1929683.04389 4
931185.261216 1929682.85638 4
931185.117887 1929682.65785 4
931184.947719 1929682.42626 4
931184.750712 1929682.1616 4
931184.562559 1929681.89687 4
931184.383353 1929681.64316 4
931184.222132 1929681.42258 4
931184.060819 1929681.19092 4
931183.908544 1929680.98136 4
931183.774163 1929680.79385 4
931183.630834 1929680.59532 4
931183.487597 1929680.40789 4
931183.335323 1929680.19833 4
931183.17401 1929679.96667 4
931183.030681 1929679.76814 4
931182.896391 1929679.59172 4
931182.770956 1929679.41523 4
931182.645521 1929679.23875 4
931182.475353 1929679.00715 4
931182.296329 1929678.77563 4
931182.135108 1929678.55506 4
931181.982833 1929678.3455 4
931181.848543 1929678.16909 4
931181.714252 1929677.99267 4
931181.579962 1929677.81626 4
931181.436816 1929677.63992 4
931181.302526 1929677.4635 4
931181.132357 1929677.23191 4
931180.962189 1929677.00031 4
931180.81877 1929676.79069 4
931180.675441 1929676.59216 4
931180.532295 1929676.41581 4
931180.415807 1929676.25035 4
931180.272478 1929676.05182 4
931180.147043 1929675.87533 4
931179.994586 1929675.64359 4
931179.860295 1929675.46717 4
931179.73486 1929675.29069 4
931179.547255 1929675.09252 4
931179.404109 1929674.91618 4
931179.269636 1929674.71757 4
931179.135346 1929674.54116 4
931179.000964 1929674.35365 4
931178.884475 1929674.18818 4
931178.750185 1929674.01177 4
931178.589054 1929673.80229 4
931178.392229 1929673.55982 4
931178.222152 1929673.33932 4
931178.052075 1929673.11882 4
931177.891036 1929672.92043 4
931177.739034 1929672.74416 4
931177.604835 1929672.57884 4
931177.416956 1929672.34739 4
931177.246971 1929672.13799 4
931177.103733 1929671.95055 4
931176.933839 1929671.75224 4
931176.781746 1929671.56488 4
931176.638509 1929671.37744 4
931176.45063 1929671.14599 4
931176.262842 1929670.92564 4
931176.083819 1929670.69411 4
931175.922688 1929670.48464 4
931175.761649 1929670.28625 4
931175.609556 1929670.09889 4
931175.466502 1929669.93364 4
931175.341158 1929669.76825 4
931175.162225 1929669.54782 4
931175.001186 1929669.34943 4
931174.849185 1929669.17316 4
931174.697184 1929668.9969 4
931174.544908 1929668.78734 4
931174.357121 1929668.56699 4
931174.205028 1929668.37963 4
931174.008294 1929668.14825 4
931173.847254 1929667.94987 4
931173.713055 1929667.78454 4
931173.543252 1929667.59733 4
931173.417908 1929667.43193 4
931173.238792 1929667.18932 4
931173.05986 1929666.96889 4
931172.889874 1929666.75948 4
931172.737598 1929666.54993 4
931172.59427 1929666.3514 4
931172.46007 1929666.18608 4
931172.289993 1929665.96558 4
931172.137992 1929665.78931 4
931171.976952 1929665.59093 4
931171.833806 1929665.41458 4
931171.690569 1929665.22715 4
931171.538567 1929665.05088 4
931171.386566 1929664.87461 4
931171.24342 1929664.69827 4
931171.100182 1929664.51083 4
931170.957127 1929664.34558 4
931170.814073 1929664.18034 4
931170.6712 1929664.03728 4
931170.518834 1929663.81663 4
931170.358068 1929663.65153 4
931170.22396 1929663.4973 4
931170.07205 1929663.33213 4
931169.937942 1929663.1779 4
931169.76823 1929663.00178 4
931169.54502 1929662.78172 4
931169.375308 1929662.60559 4
931169.19665 1929662.41845 4
931169.035976 1929662.26444 4
931168.830477 1929662.04423 4
931168.643054 1929661.86826 4
931168.482289 1929661.70315 4
931168.294775 1929661.51608 4
931168.116207 1929661.34003 4
931167.9108 1929661.13092 4
931167.759072 1929660.98793 4
931167.562612 1929660.78984 4
931167.384044 1929660.61379 4
931167.178728 1929660.41577 4
931167.00929 1929660.27293 4
931166.85738 1929660.10775 4
931166.696706 1929659.95375 4
931166.553833 1929659.81069 4
931166.348609 1929659.62376 4
931166.169767 1929659.41443 4
931166.000146 1929659.2494 4
931165.857274 1929659.10634 4
931165.687744 1929658.95241 4
931165.536108 1929658.82051 4
931165.36667 1929658.67767 4
931165.214942 1929658.53469 4
931165.063306 1929658.4028 4
931164.849317 1929658.22704 4
931164.653313 1929658.08442 4
931164.448545 1929657.95296 4
931164.181425 1929657.77764 4
931163.958855 1929657.63524 4
931163.718665 1929657.50408 4
931163.487331 1929657.37284 4
931163.273982 1929657.27474 4
931163.060633 1929657.17664 4
931162.838428 1929657.07862 4
931162.651736 1929656.99139 4
931162.438569 1929656.91548 4
931162.234075 1929656.81731 4
931161.985305 1929656.71951 4
931161.7631 1929656.62148 4
931161.541169 1929656.55674 4
931161.328094 1929656.49192 4
931161.044085 1929656.4166 4
931160.795588 1929656.35207 4
931160.564985 1929656.30959 4
931160.343237 1929656.26704 4
931160.094923 1929656.2247 4
931159.846701 1929656.19346 4
931159.580677 1929656.15127 4
931159.358929 1929656.10872 4
931159.137272 1929656.07726 4
931158.933417 1929656.05675 4
931158.685104 1929656.01441 4
931158.463538 1929655.99404 4
931158.233118 1929655.97375 4
931158.020499 1929655.96441 4
931157.763604 1929655.95543 4
931157.551077 1929655.95718 4
931157.276563 1929655.95944 4
931157.028706 1929655.97257 4
931156.825034 1929655.97425 4
931156.594979 1929655.99834 4
931156.320464 1929656.0006 4
931156.010803 1929656.03643 4
931155.736654 1929656.08307 4
931155.515637 1929656.12927 4
931155.259199 1929656.17576 4
931155.055801 1929656.21072 4
931154.834875 1929656.26802 4
931154.552237 1929656.3591 4
931154.331402 1929656.42749 4
931154.128187 1929656.48464 4
931153.933919 1929656.55281 4
931153.686702 1929656.64361 4
931153.474723 1929656.71192 4
931153.271599 1929656.78017 4
931153.059803 1929656.87067 4
931152.847915 1929656.95008 4
931152.627263 1929657.04066 4
931152.415284 1929657.10898 4
931152.168158 1929657.21087 4
931151.921124 1929657.32385 4
931151.647523 1929657.43705 4
931151.418108 1929657.5388 4
931151.179928 1929657.65171 4
931150.95946 1929657.76448 4
931150.756701 1929657.8771 4
931150.562799 1929657.98964 4
931150.351185 1929658.10234 4
931150.113371 1929658.25963 4
931149.857847 1929658.41706 4
931149.628797 1929658.56318 4
931149.435077 1929658.69792 4
931149.250121 1929658.82149 4
931149.082784 1929658.93382 4
931148.871444 1929659.07979 4
931148.695252 1929659.19219 4
931148.440002 1929659.38291 4
931148.246282 1929659.51765 4
931148.052653 1929659.66348 4
931147.867788 1929659.79814 4
931147.70949 1929659.93258 4
931147.507097 1929660.08958 4
931147.304613 1929660.23549 4
931147.084053 1929660.33716 4
931146.881295 1929660.44978 4
931146.696522 1929660.59553 4
931146.502893 1929660.74136 4
931146.326701 1929660.85377 4
931146.124308 1929661.01076 4
931145.913061 1929661.16783 4
931145.745815 1929661.29126 4
931145.525712 1929661.4484 4
931145.323045 1929661.57211 4
931145.111798 1929661.72918 4
931144.918169 1929661.87502 4
931144.724541 1929662.02085 4
931144.539676 1929662.15551 4
931144.37243 1929662.27893 4
931144.134708 1929662.44731 4
931143.932407 1929662.61541 4
931143.73887 1929662.77233 4
931143.527805 1929662.95159 4
931143.31674 1929663.13085 4
931143.13215 1929663.29879 4
931142.921267 1929663.50024 4
931142.692583 1929663.69074 4
931142.499503 1929663.90314 4
931142.297111 1929664.06013 4
931142.130048 1929664.20575 4
931141.980605 1929664.34012 4
931141.795832 1929664.48588 4
931141.567239 1929664.68747 4
931141.417796 1929664.82184 4
931141.206731 1929665.0011 4
931141.030813 1929665.14678 4
931140.872606 1929665.29232 4
931140.696871 1929665.46019 4
931140.512372 1929665.63924 4
931140.372058 1929665.80682 4
931140.297569 1929666.43985 4
931140.157529 1929666.64071 4
931140.026528 1929666.86369 4
931139.904381 1929667.0866 4
931139.817473 1929667.28702 4
931139.739512 1929667.49847 4
931139.670406 1929667.70985 4
931139.584046 1929667.97684 4
931139.515123 1929668.2104 4
931139.446017 1929668.42178 4
931139.385858 1929668.64417 4
931139.334371 1929668.84431 4
931139.282884 1929669.04444 4
931139.222725 1929669.26684 4
931139.162657 1929669.50033 4
931139.111444 1929669.73375 4
931139.060506 1929670.00045 4
931139.01824 1929670.24489 4
931138.975974 1929670.48932 4
931138.942472 1929670.7226 4
931138.917734 1929670.9447 4
931138.901668 1929671.14454 4
931138.885694 1929671.35548 4
931138.879032 1929671.62182 4
931138.881317 1929671.89917 4
931138.883601 1929672.17653 4
931138.894558 1929672.43163 4
931138.9235 1929672.71986 4
931138.951802 1929672.93043 4
931138.971249 1929673.14108 4
931139.008407 1929673.35158 4
931139.054968 1929673.62857 4
931139.110201 1929673.8833 4
931139.165435 1929674.13803 4
931139.220211 1929674.33729 4
931139.275262 1929674.56983 4
931139.356879 1929674.80215 4
931139.438495 1929675.03448 4
931139.519929 1929675.24461 4
931139.601363 1929675.45475 4
931139.72753 1929675.71999 4
931139.853515 1929675.96304 4
931139.961514 1929676.17296 4
931140.078552 1929676.40499 4
931140.222247 1929676.6479 4
931140.37498 1929676.91292 4
931140.482705 1929677.08955 4
931140.6264 1929677.33246 4
931140.752019 1929677.53114 4
931140.859836 1929677.71886 4
931140.985455 1929677.91754 4
931141.138096 1929678.17147 4
931141.281608 1929678.39219 4
931141.407227 1929678.59086 4
931141.568632 1929678.83362 4
931141.712053 1929679.04325 4
931141.84671 1929679.26404 4
931141.981184 1929679.46264 4
931142.106711 1929679.65022 4
931142.2232 1929679.81569 4
931142.375659 1929680.04743 4
931142.528026 1929680.26807 4
931142.689249 1929680.48865 4
931142.83267 1929680.69827 4
931142.993984 1929680.92994 4
931143.146168 1929681.1284 4
931143.280642 1929681.327 4
931143.423971 1929681.52553 4
931143.549407 1929681.70202 4
931143.683881 1929681.90062 4
931143.809226 1929682.06601 4
931143.961867 1929682.31994 4
931144.105379 1929682.54066 4
931144.266784 1929682.78342 4
931144.401441 1929683.00421 4
931144.526968 1929683.19179 4
931144.661442 1929683.3904 4
931144.777931 1929683.55586 4
931144.89442 1929683.72133 4
931145.046879 1929683.95307 4
931145.190208 1929684.1516 4
931145.306697 1929684.31706 4
931145.432316 1929684.51574 4
931145.548896 1929684.6923 4
931145.692225 1929684.89083 4
931145.808714 1929685.0563 4
931145.961082 1929685.27694 4
931146.122487 1929685.5197 4
931146.2838 1929685.75137 4
931146.418091 1929685.92779 4
931146.570367 1929686.13734 4
931146.686856 1929686.3028 4
931146.812201 1929686.4682 4
931146.946492 1929686.64461 0
931147.089821 1929686.84314 0
931147.250952 1929687.05262 0
931147.403045 1929687.23998 0
931147.546282 1929687.42742 0
931147.680573 1929687.60383 0
931147.859506 1929687.82426 0
931148.029492 1929688.03366 0
931148.19044 1929688.22095 0
931148.32464 1929688.38627 0
931148.485588 1929688.57356 0
931148.619788 1929688.73888 0
931148.771972 1929688.93734 0
931148.915118 1929689.11368 0
931149.040554 1929689.29017 0
931149.192647 1929689.47753 0
931149.353869 1929689.69811 0
931149.523946 1929689.91861 0
931149.703153 1929690.17232 0
931149.855246 1929690.35968 0
931150.025323 1929690.58018 0
931150.195584 1929690.82287 0
931150.356714 1929691.03235 0
931150.517845 1929691.24182 0
931150.670029 1929691.44028 0
931150.813267 1929691.62772 0
931150.938611 1929691.79311 0
931151.072902 1929691.96953 0
931151.234124 1929692.1901 0
931151.395255 1929692.39958 0
931151.529637 1929692.58709 0
931151.672966 1929692.78562 0
931151.79831 1929692.95101 0
931151.932692 1929693.13852 0
931152.084967 1929693.34807 0
931152.228205 1929693.53551 0
931152.362587 1929693.72301 0
931152.488023 1929693.8995 0
931152.622222 1929694.06482 0
931152.747658 1929694.24131 0
931152.88204 1929694.42882 0
931153.025368 1929694.62735 0
931153.17737 1929694.80362 0
931153.311752 1929694.99113 0
931153.446043 1929695.16754 0
931153.580333 1929695.34396 0
931153.714533 1929695.50928 0
931153.848732 1929695.6746 0
931153.991878 1929695.85094 0
931154.143971 1929696.0383 0
931154.305101 1929696.24778 0
931154.492889 1929696.46813 0
931154.662875 1929696.67754 0
931154.823914 1929696.87592 0
931154.984862 1929697.06321 0
931155.127916 1929697.22846 0
931155.262116 1929697.39378 0
931155.44114 1929697.6253 0
931155.60227 1929697.83478 0
931155.754454 1929698.03324 0
931155.942424 1929698.27578 0
931156.067768 1929698.44117 0
931156.201968 1929698.60649 0
931156.345205 1929698.79393 0
931156.497389 1929698.99239 0
931156.658519 1929699.20187 0
931156.846398 1929699.43332 0
931157.016475 1929699.65382 0
931157.159712 1929699.84125 0
931157.311805 1929700.02861 0
931157.446187 1929700.21612 0
931157.580386 1929700.38144 0
931157.75941 1929700.61296 0
931157.92054 1929700.82244 0
931158.090526 1929701.03185 0
931158.233763 1929701.21929 0
931158.404023 1929701.46197 0
931158.520694 1929701.64963 0
931158.66384 1929701.82597 0
931158.789275 1929702.00246 0
931158.959535 1929702.24515 0
931159.129795 1929702.48784 0
931159.273306 1929702.70855 0
931159.425672 1929702.9292 0
931159.542161 1929703.09467 0
931159.685489 1929703.2932 0
931159.837764 1929703.50275 0
931159.998986 1929703.72332 0
931160.160025 1929703.92171 0
931160.3123 1929704.13126 0
931160.464575 1929704.34081 0
931160.652545 1929704.58335 0
931160.876302 1929704.86998 0
931161.07331 1929705.13464 0
931161.279082 1929705.38813 0
931161.467052 1929705.63067 0
931161.637128 1929705.85117 0
931161.798076 1929706.03846 0
931161.959115 1929706.23685 0
931162.093405 1929706.41326 0
931162.281284 1929706.64471 0
931162.433467 1929706.84317 0
931162.585651 1929707.04163 0
931162.755819 1929707.27322 0
931162.872308 1929707.43869 0
931163.006689 1929707.6262 0
931163.14098 1929707.80261 0
931163.275453 1929708.00121 0
931163.41869 1929708.18865 0
931163.544216 1929708.37623 0
931163.66956 1929708.54162 0
931163.830781 1929708.7622 0
931163.956125 1929708.92759 0
931164.090598 1929709.12619 0
931164.242964 1929709.34684 0
931164.41295 1929709.55625 0
931164.583118 1929709.78784 0
931164.762141 1929710.01936 0
931164.923362 1929710.23994 0
931165.075546 1929710.43839 0
931165.218783 1929710.62583 0
931165.36202 1929710.81327 0
931165.496401 1929711.00077 0
931165.639455 1929711.16602 0
931165.791547 1929711.35339 0
931165.916982 1929711.52987 0
931166.11399 1929711.79453 0
931166.275029 1929711.99292 0
931166.454143 1929712.23553 0
931166.660006 1929712.50012 0
931166.839121 1929712.74273 0
931167.018052 1929712.96316 0
931167.197076 1929713.19468 0
931167.367061 1929713.40409 0
931167.510389 1929713.60262 0
931167.662481 1929713.78998 0
931167.814573 1929713.97735 0
931167.957718 1929714.15369 0
931168.127795 1929714.37419 0
931168.315673 1929714.60564 0
931168.512589 1929714.8592 0
931168.691612 1929715.09072 0
931168.870635 1929715.32224 0
931169.040712 1929715.54274 0
931169.192895 1929715.7412 0
931169.327276 1929715.92871 0
931169.461475 1929716.09403 0
931169.577963 1929716.2595 0
931169.748131 1929716.49109 0
931169.873475 1929716.65649 0
931170.007856 1929716.84399 0
931170.168986 1929717.05347 0
931170.339154 1929717.28507 0
931170.53607 1929717.53863 0
931170.715093 1929717.77015 0
931170.894116 1929718.00168 0
931171.082176 1929718.25531 0
931171.270054 1929718.48676 0
931171.458115 1929718.7404 0
931171.637047 1929718.96083 0
931171.807123 1929719.18133 0
931171.959398 1929719.39088 0
931172.102726 1929719.58941 0
931172.237015 1929719.76582 0
931172.362359 1929719.93122 0
931172.478847 1929720.09668 0
931172.60419 1929720.26208 0
931172.747518 1929720.46061 0
931172.908831 1929720.69228 0
931173.088036 1929720.94599 0
931173.240493 1929721.17773 0
931173.383912 1929721.38735 0
931173.527332 1929721.59698 0
931173.652949 1929721.79565 0
931173.778292 1929721.96105 0
931173.886016 1929722.13768 0
931174.056184 1929722.36927 0
931174.172855 1929722.55693 0
931174.316183 1929722.75546 0
931174.450746 1929722.96516 0
931174.594074 1929723.16369 0
931174.719509 1929723.34018 0
931174.853981 1929723.53878 0
931175.006347 1929723.75943 0
931175.158713 1929723.98007 0
931175.311078 1929724.20072 0
931175.454406 1929724.39925 0
931175.597734 1929724.59778 0
931175.750099 1929724.81843 0
931175.911229 1929725.0279 0
931176.072632 1929725.27067 0
931176.260693 1929725.5243 0
931176.439716 1929725.75583 0
931176.59199 1929725.96538 0
931176.744173 1929726.16384 0
931176.887409 1929726.35127 0
931177.030554 1929726.52761 0
931177.200721 1929726.75921 0
931177.361851 1929726.96869 0
931177.52298 1929727.17817 0
931177.701911 1929727.39859 0
931177.818399 1929727.56406 0
931177.988384 1929727.77347 0
931178.140384 1929727.94974 0
931178.292658 1929728.15929 0
931178.426948 1929728.3357 0
931178.605879 1929728.55613 0
931178.757971 1929728.74349 0
931178.901116 1929728.91984 0
931179.062154 1929729.11822 0
931179.241085 1929729.33865 0
931179.375192 1929729.49287 0
931179.536138 1929729.68017 0
931179.670428 1929729.85658 0
931179.813573 1929730.03292 0
931179.983557 1929730.24233 0
931180.126702 1929730.41867 0
931180.27003 1929730.6172 0
931180.42203 1929730.79347 0
931180.574304 1929731.00302 0
931180.735525 1929731.2236 0
931180.878761 1929731.41103 0
931181.021905 1929731.58737 0
931181.14734 1929731.76386 0
931181.290393 1929731.92911 0
931181.451705 1929732.16078 0
931181.603797 1929732.34814 0
931181.764834 1929732.54653 0
931181.890177 1929732.71192 0
931182.033505 1929732.91045 0
931182.185688 1929733.10891 0
931182.328741 1929733.27416 0
931182.516527 1929733.49451 0
931182.695549 1929733.72603 0
931182.82993 1929733.91354 0
931182.999915 1929734.12295 0
931183.188066 1929734.38768 0
931183.375852 1929734.60803 0
931183.554783 1929734.82846 0
931183.715821 1929735.02685 0
931183.859057 1929735.21428 0
931184.038079 1929735.44581 0
931184.17246 1929735.63332 0
931184.342536 1929735.85382 0
931184.539451 1929736.10738 0
931184.763297 1929736.4051 0
931184.960304 1929736.66976 0
931185.157401 1929736.94552 0
931185.345279 1929737.17697 0
931185.515354 1929737.39747 0
931185.676575 1929737.61804 0
931185.828757 1929737.8165 0
931185.971902 1929737.99284 0
931186.115046 1929738.16918 0
931186.249427 1929738.35669 0
931186.410465 1929738.55508 0
931186.589578 1929738.79769 0
931186.804204 1929739.05111 0
931187.019012 1929739.32672 0
931187.233546 1929739.56904 0
931187.412477 1929739.78947 0
931187.582461 1929739.99888 0
931187.74359 1929740.20836 0
931187.886734 1929740.3847 0
931188.020932 1929740.55002 0
931188.191099 1929740.78161 0
931188.325388 1929740.95803 0
931188.495555 1929741.18962 0
931188.638882 1929741.38816 0
931188.782209 1929741.58669 0
931188.934483 1929741.79624 0
931189.059917 1929741.97273 0
931189.18526 1929742.13812 0
931189.310694 1929742.31461 0
931189.472005 1929742.54628 0
931189.633225 1929742.76685 0
931189.767423 1929742.93217 0
931189.901804 1929743.11968 0
931190.054078 1929743.32923 0
931190.215389 1929743.5609 0
931190.367571 1929743.75936 0
931190.501952 1929743.94687 0
931190.636241 1929744.12328 0
931190.761584 1929744.28868 0
931190.931659 1929744.50918 0
931191.074895 1929744.69661 0
931191.218222 1929744.89514 0
931191.388388 1929745.12674 0
931191.513822 1929745.30323 0
931191.665913 1929745.49059 0
931191.800294 1929745.6781 0
931191.943438 1929745.85444 0
931192.113696 1929746.09713 0
931192.283588 1929746.29544 0
931192.426915 1929746.49398 0
931192.579006 1929746.68134 0
931192.731188 1929746.8798 0
931192.856531 1929747.04519 0
931192.999858 1929747.24372 0
931193.17888 1929747.47524 0
931193.366939 1929747.72888 0
931193.510083 1929747.90522 0
931193.653319 1929748.09266 0
931193.805501 1929748.29112 0
931193.96663 1929748.5006 0
931194.127758 1929748.71008 0
931194.27994 1929748.90854 0
931194.423176 1929749.09597 0
931194.557374 1929749.26129 0
931194.691571 1929749.42661 0
931194.861738 1929749.65821 0
931195.049614 1929749.88966 0
931195.192576 1929750.04381 0
931195.317919 1929750.20921 0
931195.452208 1929750.38562 0
931195.595352 1929750.56196 0
931195.774282 1929750.78239 0
931195.926464 1929750.98085 0
931196.069791 1929751.17938 0
931196.213118 1929751.37791 0
931196.356536 1929751.58754 0
931196.508809 1929751.79709 0
931196.661174 1929752.01774 0
931196.8045 1929752.21627 0
931196.921079 1929752.39283 0
931197.064406 1929752.59136 0
931197.198786 1929752.77887 0
931197.351059 1929752.98842 0
931197.476402 1929753.15381 0
931197.63753 1929753.36329 0
931197.762964 1929753.53978 0
931197.906199 1929753.72722 0
931198.031633 1929753.90371 0
931198.210654 1929754.13523 0
931198.344852 1929754.30055 0
931198.497034 1929754.49901 0
931198.658253 1929754.71958 0
931198.855076 1929754.96205 0
931199.042953 1929755.1935 0
931199.221974 1929755.42502 0
931199.391958 1929755.63443 0
931199.544048 1929755.82179 0
931199.696139 1929756.00916 0
931199.839192 1929756.17441 0
931199.973389 1929756.33973 0
931200.15241 1929756.57125 0
931200.331249 1929756.78058 0
931200.51027 1929757.01211 0
931200.653414 1929757.18845 0
931200.841291 1929757.4199 0
931201.020129 1929757.62923 0
931201.154509 1929757.81674 0
931201.306691 1929758.0152 0
931201.476766 1929758.2357 0
931201.646841 1929758.4562 0
931201.790167 1929758.65473 0
931201.960242 1929758.87523 0
931202.139172 1929759.09566 0
931202.300483 1929759.32733 0
931202.461611 1929759.53681 0
931202.604937 1929759.73534 0
931202.757028 1929759.9227 0
931202.891408 1929760.11021 0
931203.052353 1929760.2975 0
931203.195771 1929760.50713 0
931203.33006 1929760.68354 0
931203.455402 1929760.84894 0
931203.634514 1929761.09156 0
931203.759856 1929761.25695 0
931203.903274 1929761.46657 0
931204.091242 1929761.70912 0
931204.297285 1929761.99589 0
931204.49429 1929762.26055 0
931204.682532 1929762.53638 0
931204.870499 1929762.77892 0
931205.04952 1929763.01045 0
931205.21074 1929763.23102 0
931205.363013 1929763.44057 0
931205.524141 1929763.65005 0
931205.65852 1929763.83756 0
931205.792718 1929764.00288 0
931205.935953 1929764.19032 0
931206.088043 1929764.37768 0
931206.258117 1929764.59818 0
931206.446085 1929764.84073 0
931206.633961 1929765.07218 0
931206.812891 1929765.29261 0
931206.974019 1929765.50209 0
931207.126109 1929765.68945 0
931207.278199 1929765.87681 0
931207.421343 1929766.05316 0
931207.600364 1929766.28468 0
931207.752545 1929766.48314 0
931207.886833 1929766.65955 0
931208.039106 1929766.8691 0
931208.164448 1929767.0345 0
931208.34356 1929767.27712 0
931208.460047 1929767.44258 0
931208.630122 1929767.66308 0
931208.782394 1929767.87264 0
931208.934667 1929768.08219 0
931209.095795 1929768.29167 0
931209.239121 1929768.4902 0
931209.400249 1929768.69968 0
931209.543575 1929768.89821 0
931209.668917 1929769.0636 0
931209.79435 1929769.24009 0
931209.964424 1929769.46059 0
931210.107751 1929769.65912 0
931210.242039 1929769.83554 0
931210.376327 1929770.01196 0
931210.519745 1929770.22158 0
931210.653942 1929770.3869 0
931210.797177 1929770.57434 0
931210.949358 1929770.7728 0
931211.083646 1929770.94921 0
931211.226972 1929771.14774 0
931211.370207 1929771.33518 0
931211.504404 1929771.5005 0
931211.620891 1929771.66597 0
931211.782019 1929771.87545 0
931211.934109 1929772.06281 0
931212.08629 1929772.26127 0
931212.229433 1929772.43761 0
931212.354866 1929772.6141 0
931212.515903 1929772.81249 0
931212.641336 1929772.98898 0
931212.820265 1929773.2094 0
931212.981302 1929773.40779 0
931213.133392 1929773.59515 0
931213.276535 1929773.7715 0
931213.401877 1929773.93689 0
931213.544929 1929774.10214 0
931213.670271 1929774.26753 0
931213.831307 1929774.46592 0
931213.97445 1929774.64226 0
931214.117503 1929774.80751 0
931214.242844 1929774.9729 0
931214.412736 1929775.17122 5
931214.547024 1929775.34763 5
931214.681404 1929775.53514 5
931214.806745 1929775.70054 5
931214.967873 1929775.91002 5
931215.11129 1929776.11964 5
931215.245669 1929776.30715 5
931215.397942 1929776.5167 5
931215.514428 1929776.68217 5
931215.657663 1929776.86961 5
931215.801171 1929777.09033 5
931215.971245 1929777.31083 5
931216.087732 1929777.4763 5
931216.204218 1929777.64176 5
931216.356491 1929777.85131 5
931216.482015 1929778.0389 5
931216.625341 1929778.23743 5
931216.759629 1929778.41384 5
931216.920848 1929778.63442 5
931217.037426 1929778.81098 5
931217.189698 1929779.02053 5
931217.332932 1929779.20797 5
931217.476167 1929779.39541 5
931217.6016 1929779.57189 5
931217.718086 1929779.73736 5
931217.879305 1929779.95794 5
931218.040432 1929780.16742 5
931218.183667 1929780.35485 5
931218.309008 1929780.52025 5
931218.452152 1929780.69659 5
931218.595386 1929780.88403 5
931218.747567 1929781.08249 5
931218.944389 1929781.32496 5
931219.096479 1929781.51232 5
931219.230767 1929781.68874 5
931219.364963 1929781.85406 5
931219.543892 1929782.07449 5
931219.695891 1929782.25076 5
931219.839125 1929782.43819 5
931220.009199 1929782.65869 5
931220.170235 1929782.85708 5
931220.295668 1929783.03357 5
931220.456704 1929783.23195 5
931220.635724 1929783.46348 5
931220.805798 1929783.68398 5
931220.957705 1929783.84915 5
931221.092084 1929784.03666 5
931221.217516 1929784.21315 5
931221.396445 1929784.43358 5
931221.548535 1929784.62094 5
931221.736501 1929784.86349 5
931221.906484 1929785.0729 5
931222.09445 1929785.31544 5
931222.255669 1929785.53601 5
931222.416796 1929785.74549 5
931222.595725 1929785.96592 5
931222.756852 1929786.1754 5
931222.909033 1929786.37386 5
931223.061031 1929786.55013 5
931223.204356 1929786.74866 5
931223.356537 1929786.94712 5
931223.49968 1929787.12346 5
931223.687829 1929787.3882 5
931223.831246 1929787.59782 5
931224.010175 1929787.81825 5
931224.189377 1929788.07196 5
931224.377344 1929788.31451 5
931224.547508 1929788.5461 5
931224.708818 1929788.77777 5
931224.86109 1929788.98732 5
931225.004233 1929789.16367 5
931225.156231 1929789.33994 5
931225.308594 1929789.56058 5
931225.469812 1929789.78116 5
931225.621902 1929789.96852 5
931225.80083 1929790.18895 5
931225.961957 1929790.39843 5
931226.087299 1929790.56382 5
931226.239297 1929790.74009 5
931226.391295 1929790.91636 5
931226.516636 1929791.08176 5
931226.650832 1929791.24708 5
931226.785303 1929791.44568 5
931226.937483 1929791.64414 5
931227.080717 1929791.83158 5
931227.268775 1929792.08522 5
931227.456741 1929792.32776 5
931227.644799 1929792.5814 5
931227.832765 1929792.82395 5
931227.994074 1929793.05561 5
931228.15511 1929793.254 5
931228.298527 1929793.46363 5
931228.468509 1929793.67303 5
931228.62078 1929793.88259 5
931228.763923 1929794.05893 5
931228.907157 1929794.24637 5
931229.077322 1929794.47796 5
931229.229411 1929794.66533 5
931229.354752 1929794.83072 5
931229.488948 1929794.99604 5
931229.623418 1929795.19465 5
931229.775508 1929795.38201 5
931229.927597 1929795.56938 5
931230.079595 1929795.74565 5
931230.258614 1929795.97717 5
931230.437543 1929796.1976 5
931230.598669 1929796.40708 5
931230.750758 1929796.59444 5
931230.89381 1929796.75969 5
931231.063974 1929796.99129 5
931231.198079 1929797.14551 5
931231.377099 1929797.37704 5
931231.564791 1929797.5863 5
931231.681277 1929797.75177 5
931231.815565 1929797.92818 5
931231.9766 1929798.12657 5
931232.119834 1929798.314 5
931232.254213 1929798.50151 5
931232.370699 1929798.66698 5
931232.531825 1929798.87646 5
931232.719791 1929799.11901 5
931232.872154 1929799.33965 5
931233.060302 1929799.60439 5
931233.284054 1929799.89102 5
931233.480966 1929800.14458 5
931233.669023 1929800.39822 5
931233.821295 1929800.60777 5
931233.973475 1929800.80623 5
931234.107762 1929800.98265 5
931234.233103 1929801.14804 5
931234.349589 1929801.31351 5
931234.483694 1929801.46774 5
931234.617981 1929801.64415 5
931234.752451 1929801.84276 5
931234.922433 1929802.05216 5
931235.110399 1929802.29471 5
931235.271434 1929802.4931 5
931235.414577 1929802.66944 5
931235.548955 1929802.85695 5
931235.736738 1929803.0773 5
931235.888919 1929803.27576 5
931236.041007 1929803.46313 5
931236.193188 1929803.66159 5
931236.363078 1929803.8599 5
931236.488419 1929804.02529 5
931236.622615 1929804.19062 5
931236.765757 1929804.36696 5
931236.944777 1929804.59848 5
931237.096957 1929804.79694 5
931237.231061 1929804.95117 5
931237.365349 1929805.12758 5
931237.526475 1929805.33706 5
931237.696548 1929805.55757 5
931237.848637 1929805.74493 5
931237.982924 1929805.92135 5
931238.108265 1929806.08674 5
931238.296139 1929806.31819 5
931238.474976 1929806.52752 5
931238.671888 1929806.78109 5
931238.904403 1929807.05655 5
931239.128063 1929807.33209 5
931239.351631 1929807.59653 5
931239.548452 1929807.839 5
931239.736326 1929808.07045 5
931239.906308 1929808.27986 5
931240.058488 1929808.47832 5
931240.20163 1929808.65466 5
931240.335917 1929808.83108 5
931240.461258 1929808.99647 5
931240.595454 1929809.1618 5
931240.720794 1929809.32719 5
931240.846135 1929809.49258 5
931241.016299 1929809.72418 5
931241.18628 1929809.93359 5
931241.320659 1929810.1211 5
931241.454855 1929810.28642 5
931241.607126 1929810.49597 5
931241.768252 1929810.70545 5
931241.893593 1929810.87085 5
931242.036826 1929811.05829 5
931242.189006 1929811.25674 5
931242.341277 1929811.4663 5
931242.484419 1929811.64264 5
931242.618706 1929811.81906 5
931242.735192 1929811.98452 5
931242.878425 1929812.17196 5
931243.048498 1929812.39246 5
931243.236554 1929812.6461 5
931243.442321 1929812.89959 5
931243.656943 1929813.15302 5
931243.853855 1929813.40658 5
931244.032874 1929813.6381 5
931244.202855 1929813.84751 5
931244.36389 1929814.0459 5
931244.507214 1929814.24443 5
931244.64141 1929814.40975 5
931244.811574 1929814.64135 5
931244.9727 1929814.85083 5
931245.142681 1929815.06024 5
931245.312845 1929815.29183 5
931245.447132 1929815.46825 5
931245.581419 1929815.64466 5
931245.715706 1929815.82108 5
931245.849992 1929815.9975 5
931246.020065 1929816.218 5
931246.163389 1929816.41653 5
931246.297676 1929816.59295 5
931246.423017 1929816.75834 5
931246.548357 1929816.92373 5
931246.682553 1929817.08906 5
931246.834733 1929817.28752 5
931246.995859 1929817.497 5
931247.130145 1929817.67341 5
931247.282325 1929817.87187 5
931247.407665 1929818.03727 5
931247.550899 1929818.2247 5
931247.694041 1929818.40105 5
931247.864113 1929818.62155 5
931247.9984 1929818.79796 5
931248.150488 1929818.98533 5
931248.302576 1929819.17269 5
931248.436954 1929819.3602 5
931248.57115 1929819.52553 5
931248.732185 1929819.72391 5
931248.884455 1929819.93346 5
931249.027689 1929820.1209 5
931249.179777 1929820.30827 5
931249.32301 1929820.4957 5
931249.466152 1929820.67205 5
931249.591492 1929820.83744 5
931249.752527 1929821.03583 5
931249.886722 1929821.20115 5
931250.020918 1929821.36647 5
931250.155205 1929821.54289 5
931250.280545 1929821.70828 5
931250.405885 1929821.87368 5
931250.531317 1929822.05017 5
931250.674732 1929822.25979 5
931250.818057 1929822.45832 5
931250.952617 1929822.66802 5
931251.07814 1929822.85561 5
931251.185952 1929823.04334 5
931251.293674 1929823.21997 5
931251.437181 1929823.44069 5
931251.57165 1929823.6393 5
931251.706028 1929823.82681 5
931251.83155 1929824.01439 5
931251.983821 1929824.22394 5
931252.109344 1929824.41153 5
931252.225829 1929824.57699 5
931252.377826 1929824.75326 5
931252.503257 1929824.92975 5
931252.628689 1929825.10624 6
931252.762975 1929825.28266 6
931252.915337 1929825.5033 6
931253.058661 1929825.70184 6
931253.193222 1929825.91154 6
931253.336546 1929826.11007 6
931253.462251 1929826.31984 6
931253.587774 1929826.50742 6
931253.713205 1929826.68391 6
931253.856621 1929826.89354 6
931254.009074 1929827.12528 6
931254.188183 1929827.3679 6
931254.313706 1929827.55548 6
931254.447992 1929827.7319 6
931254.609209 1929827.95247 6
931254.752442 1929828.13991 6
931254.868927 1929828.30538 6
931255.012069 1929828.48172 6
931255.146264 1929828.64704 6
931255.262749 1929828.81251 6
931255.414928 1929829.01097 6
931255.540451 1929829.19855 6
931255.674737 1929829.37497 6
931255.827008 1929829.58452 6
931255.970332 1929829.78305 6
931256.122602 1929829.99261 6
931256.25698 1929830.18012 6
931256.38232 1929830.34551 6
931256.552483 1929830.57711 6
931256.68677 1929830.75352 6
931256.803346 1929830.93009 6
931256.928777 1929831.10658 6
931257.080865 1929831.29394 6
931257.224098 1929831.48138 6
931257.358384 1929831.65779 6
931257.510563 1929831.85625 6
931257.653705 1929832.0326 6
931257.805793 1929832.21996 6
931257.957881 1929832.40733 6
931258.12777 1929832.60564 6
931258.25311 1929832.77103 6
931258.405107 1929832.94731 6
931258.574996 1929833.14562 6
931258.709191 1929833.31094 6
931258.878989 1929833.49816 6
931259.075352 1929833.68516 6
931259.280571 1929833.87209 6
931259.494371 1929834.02566 6
931259.716843 1929834.15697 6
931259.921606 1929834.28843 6
931260.126185 1929834.3977 6
931260.374949 1929834.49551 6
931260.623531 1929834.57113 6
931260.836875 1929834.66923 6
931261.058891 1929834.74507 6
931261.245487 1929834.8212 6
931261.503106 1929834.91894 6
931261.734069 1929835.0058 6
931261.94723 1929835.08171 6
931262.195994 1929835.17952 6
931262.391445 1929835.25558 6
931262.604424 1929835.3093 6
931262.879753 1929835.40689 6
931263.128335 1929835.48251 6
931263.341496 1929835.55843 6
931263.625498 1929835.63376 6
931263.856187 1929835.68733 6
931264.069166 1929835.74106 6
931264.273198 1929835.78376 6
931264.521688 1929835.84829 6
931264.796744 1929835.9126 6
931265.080655 1929835.97683 6
931265.37333 1929836.0299 6
931265.595072 1929836.07246 6
931265.843471 1929836.12589 6
931266.118345 1929836.16801 6
931266.375599 1929836.22137 6
931266.623907 1929836.26371 6
931266.836794 1929836.30634 6
931267.04959 1929836.33787 6
931267.324464 1929836.37999 6
931267.572771 1929836.42233 6
931267.812133 1929836.45365 6
931268.051586 1929836.49606 6
931268.335314 1929836.53811 6
931268.645608 1929836.57994 6
931268.876114 1929836.61133 6
931269.080055 1929836.64293 6
931269.363784 1929836.68498 6
931269.647603 1929836.73812 6
931269.931331 1929836.78017 6
931270.170693 1929836.81149 6
931270.445475 1929836.84251 6
931270.738058 1929836.88449 6
931271.003985 1929836.91559 6
931271.243347 1929836.9469 6
931271.464998 1929836.97837 6
931271.677794 1929837.0099 6
931271.934866 1929837.04107 6
931272.156517 1929837.07254 6
931272.422535 1929837.11473 6
931272.670843 1929837.15707 6
931272.928006 1929837.19933 6
931273.158604 1929837.24182 6
931273.424622 1929837.28401 6
931273.655128 1929837.3154 6
931273.885726 1929837.35789 6
931274.107468 1929837.40044 6
931274.329119 1929837.4319 6
931274.568572 1929837.47432 6
931274.81688 1929837.51666 6
931275.056333 1929837.55907 6
931275.28693 1929837.60155 6
931275.517528 1929837.64404 6
931275.765836 1929837.68637 6
931276.014143 1929837.72871 6
931276.297872 1929837.77076 6
931276.617111 1929837.82361 6
931276.892076 1929837.87683 6
931277.166858 1929837.90785 6
931277.415257 1929837.96128 6
931277.636999 1929838.00384 6
931277.841031 1929838.04654 6
931278.115996 1929838.09976 6
931278.382105 1929838.15305 6
931278.577373 1929838.20692 6
931278.825772 1929838.26035 6
931279.091972 1929838.32473 6
931279.393776 1929838.41101 6
931279.704434 1929838.49722 6
931279.979581 1929838.57262 6
931280.237017 1929838.64817 6
931280.467797 1929838.71284 6
931280.689722 1929838.77759 6
931280.911647 1929838.84233 6
931281.124808 1929838.91825 6
931281.364534 1929838.99394 6
931281.613206 1929839.08066 6
931281.870825 1929839.17839 6
931282.137208 1929839.26497 6
931282.394736 1929839.35161 6
931282.625789 1929839.44956 6
931282.839041 1929839.53657 6
931283.025637 1929839.6127 6
931283.256781 1929839.72175 6
931283.470216 1929839.83095 6
931283.701269 1929839.9289 6
931283.94136 1929840.04898 6
931284.119283 1929840.14737 6
931284.323862 1929840.25664 6
931284.546243 1929840.37686 6
931284.768533 1929840.48598 6
931284.964257 1929840.59532 6
931285.222241 1929840.73743 6
931285.462514 1929840.87969 6
931285.720497 1929841.02181 6
931285.916313 1929841.14225 6
931286.120983 1929841.26261 6
931286.3346 1929841.39399 6
931286.557072 1929841.5253 6
931286.77078 1929841.66778 6
931286.975542 1929841.79924 6
931287.180303 1929841.9307 6
931287.37621 1929842.06223 6
931287.554315 1929842.18281 6
931287.723474 1929842.29237 6
931287.910525 1929842.42397 6
931288.106432 1929842.5555 6
931288.320231 1929842.70907 6
931288.551922 1929842.88469 6
931288.792469 1929843.06023 6
931289.02407 1929843.22476 6
931289.228922 1929843.36731 6
931289.40721 1929843.51008 6
931289.585406 1929843.64175 6
931289.745801 1929843.76248 6
931289.950836 1929843.92722 6
931290.147016 1929844.09203 6
931290.343196 1929844.25685 6
931290.557087 1929844.42151 6
931290.717664 1929844.56443 6
931290.940591 1929844.75121 6
931291.119152 1929844.92726 6
931291.30666 1929845.11434 6
931291.520823 1929845.31229 6
931291.672728 1929845.47747 6
931291.833487 1929845.64257 6
931292.012048 1929845.81862 6
931292.199829 1929846.03898 6
931292.369626 1929846.2262 6
931292.530568 1929846.41349 6
931292.673709 1929846.58984 6
931292.807994 1929846.76625 6
931292.942188 1929846.93158 6
931293.076382 1929847.0969 6
931293.210759 1929847.28441 6
931293.345136 1929847.47192 6
931293.46162 1929847.63739 6
931293.622926 1929847.86906 6
931293.757485 1929848.07876 6
931293.883098 1929848.27744 6
931294.008984 1929848.5094 6
931294.1618 1929848.78552 6
931294.296815 1929849.05069 6
931294.404991 1929849.28279 6
931294.522296 1929849.54811 6
931294.612579 1929849.75817 6
931294.702771 1929849.95714 6
931294.784017 1929850.14509 6
931294.883612 1929850.41055 6
931294.956003 1929850.59857 6
931295.046195 1929850.79754 6
931295.127623 1929851.00768 6
931295.20896 1929851.20672 6
931295.290389 1929851.41686 6
931295.362871 1929851.61597 6
931295.444299 1929851.82611 6
931295.525545 1929852.01406 6
931295.597936 1929852.20208 6
931295.69753 1929852.46754 6
931295.797033 1929852.72191 6
931295.905483 1929852.9873 6
931295.995857 1929853.20846 6
931296.104398 1929853.48494 6
931296.231014 1929853.80565 6
931296.348683 1929854.11535 6
931296.475207 1929854.42497 6
931296.592785 1929854.72357 6
931296.701235 1929854.98896 6
931296.818539 1929855.25427 6
931296.926897 1929855.50857 6
931297.0264 1929855.76294 6
931297.143705 1929856.02825 6
931297.251972 1929856.27145 6
931297.36033 1929856.52575 6
931297.477726 1929856.80216 6
931297.62196 1929857.11164 6
931297.757248 1929857.41009 6
931297.883681 1929857.70862 6
931298.018787 1929857.98488 6
931298.136091 1929858.2502 6
931298.26216 1929858.50435 6
931298.397265 1929858.78061 6
931298.523334 1929859.03476 6
931298.63151 1929859.26687 6
931298.77547 1929859.54306 6
931298.928377 1929859.83028 6
931299.081558 1929860.15077 6
931299.24332 1929860.43792 6
931299.387281 1929860.71411 6
931299.540005 1929860.97913 6
931299.674929 1929861.23321 6
931299.809761 1929861.47619 6
931299.935556 1929861.69706 6
931300.079243 1929861.93997 6
931300.22293 1929862.18288 6
931300.375563 1929862.43681 6
931300.510213 1929862.6576 6
931300.662755 1929862.90044 6
931300.842227 1929863.18744 6
931301.039501 1929863.48538 6
931301.254667 1929863.80537 6
931301.45194 1929864.10331 6
931301.649214 1929864.40126 6
931301.846214 1929864.66592 6
931302.016466 1929864.90861 6
931302.186718 1929865.1513 6
931302.356788 1929865.37181 6
931302.509057 1929865.58136 6
931302.643433 1929865.76887 6
931302.786664 1929865.95631 6
931302.920949 1929866.13273 6
931303.064089 1929866.30907 6
931303.207229 1929866.48542 6
931303.359315 1929866.67278 6
931303.529294 1929866.88219 6
931303.717074 1929867.10255 6
931303.904945 1929867.334 6
931304.092634 1929867.54326 6
931304.289269 1929867.76355 6
931304.494941 1929868.00595 6
931304.682721 1929868.2263 6
931304.897249 1929868.46863 6
931305.12054 1929868.69979 6
931305.326122 1929868.9311 6
931305.522574 1929869.1292 6
931305.719027 1929869.32729 6
931305.897678 1929869.51444 6
931306.067383 1929869.69057 6
931306.236997 1929869.8556 6
931306.397665 1929870.00961 6
931306.567279 1929870.17464 6
931306.754694 1929870.35062 6
931306.9422 1929870.53769 6
931307.156363 1929870.73564 6
931307.352724 1929870.92265 6
931307.548995 1929871.09855 6
931307.736319 1929871.26344 6
931307.905841 1929871.41738 6
931308.093256 1929871.59336 6
931308.316183 1929871.78014 6
931308.539109 1929871.96692 6
931308.75309 1929872.14269 6
931308.94936 1929872.31859 6
931309.136593 1929872.47239 6
931309.323734 1929872.61508 6
931309.510967 1929872.76888 6
931309.689162 1929872.90055 6
931309.876395 1929873.05434 6
931310.090193 1929873.20792 6
931310.295227 1929873.37266 6
931310.50017 1929873.5263 6
931310.696167 1929873.66893 6
931310.909964 1929873.8225 6
931311.159365 1929873.99797 6
931311.417712 1929874.18447 6
931311.658166 1929874.34892 6
931311.898529 1929874.50227 6
931312.138983 1929874.66672 6
931312.388292 1929874.8311 6
931312.655403 1929875.00642 6
931312.895766 1929875.15978 6
931313.109564 1929875.31335 6
931313.332217 1929875.46685 6
931313.537068 1929875.60941 6
931313.74192 1929875.75196 6
931313.937916 1929875.89458 6
931314.133822 1929876.02611 6
931314.329727 1929876.15764 6
931314.516868 1929876.30034 6
931314.73943 1929876.44275 6
931314.979975 1929876.61829 6
931315.238231 1929876.79369 6
931315.496577 1929876.98018 6
931315.754833 1929877.15558 6
931315.986432 1929877.32011 6
931316.217939 1929877.47353 6
931316.422791 1929877.61609 6
931316.618696 1929877.74762 6
931316.805837 1929877.89031 6
931316.974995 1929877.99987 6
931317.15319 1929878.13155 6
931317.34024 1929878.26315 6
931317.545274 1929878.4279 6
931317.750217 1929878.58154 6
931317.955251 1929878.74628 6
931318.178177 1929878.93307 6
931318.410049 1929879.13087 6
931318.642104 1929879.35087 6
931318.865212 1929879.55984 6
931319.079374 1929879.75779 6
931319.275826 1929879.95589 6
931319.445622 1929880.14311 6
931319.606563 1929880.3304 6
931319.758466 1929880.49558 6
931319.892659 1929880.6609 6
931320.08053 1929880.89235 6
931320.268309 1929881.11271 6
931320.429523 1929881.33329 6
931320.572845 1929881.53182 6
931320.725295 1929881.76356 6
931320.841869 1929881.94012 6
931320.958534 1929882.12778 6
931321.084055 1929882.31537 6
931321.200629 1929882.49193 6
931321.308439 1929882.67966 6
931321.425104 1929882.86732 6
931321.550898 1929883.08818 6
931321.68582 1929883.34226 6
931321.80285 1929883.57429 6
931321.928644 1929883.79516 6
931322.027782 1929884.00515 6
931322.126828 1929884.20405 6
931322.225783 1929884.39185 6
931322.32492 1929884.60184 6
931322.433004 1929884.82285 6
931322.550125 1929885.06598 6
931322.649262 1929885.27597 6
931322.748309 1929885.47487 6
931322.829554 1929885.66282 6
931322.928509 1929885.85062 6
931323.0187 1929886.04959 6
931323.108891 1929886.24856 6
931323.20812 1929886.46965 6
931323.307531 1929886.71292 6
931323.424743 1929886.96714 6
931323.524062 1929887.19932 6
931323.614527 1929887.43157 6
931323.696045 1929887.65281 6
931323.768526 1929887.85192 6
931323.850501 1929888.12862 6
931323.914127 1929888.32781 6
931323.969171 1929888.56035 6
931324.024215 1929888.7929 6
931324.070496 1929889.03661 6
931324.125722 1929889.29134 6
931324.154202 1929889.5241 6
931324.191445 1929889.7457 6
931324.219742 1929889.95627 6
931324.248586 1929890.23341 6
931324.268119 1929890.45515 6
931324.27907 1929890.71024 6
931324.290477 1929891.02081 6
931324.301429 1929891.27591 6
931324.286179 1929891.5756 6
931324.279512 1929891.84193 6
931324.272662 1929892.08608 6
931324.256866 1929892.31921 6
931324.240888 1929892.53014 6
931324.224909 1929892.74108 6
931324.200623 1929893.01865 6
931324.176154 1929893.27404 6
931324.151594 1929893.51833 6
931324.136163 1929893.79584 6
931324.111421 1929894.01794 6
931324.087043 1929894.28442 6
931324.071247 1929894.51755 6
931324.046687 1929894.76184 6
931324.0308 1929894.98387 6
931324.014822 1929895.19481 6
931323.998752 1929895.39465 6
931323.974374 1929895.66113 6
931323.941051 1929895.91659 6
931323.916947 1929896.21635 6
931323.883349 1929896.43853 6
931323.858698 1929896.67173 6
931323.825283 1929896.91609 6
931323.800632 1929897.14929 6
931323.767035 1929897.37147 6
931323.742202 1929897.58248 6
931323.717277 1929897.78239 6
931323.692353 1929897.98231 6
931323.658573 1929898.1823 6
931323.607722 1929898.46009 6
931323.565361 1929898.69343 6
931323.522999 1929898.92678 6
931323.480638 1929899.16012 6
931323.429422 1929899.39354 6
931323.378024 1929899.60477 6
931323.32699 1929899.86037 6
931323.249664 1929900.14948 6
931323.181103 1929900.42742 6
931323.11245 1929900.69426 6
931323.043706 1929900.95001 6
931322.974962 1929901.20576 6
931322.923837 1929901.45027 6
931322.863675 1929901.67267 6
931322.794566 1929901.88404 6
931322.734313 1929902.09534 6
931322.682915 1929902.30657 6
931322.622661 1929902.51787 6
931322.571263 1929902.7291 6
931322.510918 1929902.9293 6
931322.459429 1929903.12944 6
931322.373157 1929903.40752 6
931322.313359 1929903.67429 6
931322.227452 1929903.99676 6
931322.150127 1929904.28586 6
931322.072893 1929904.58606 6
931321.995385 1929904.85298 6
931321.935496 1929905.10866 6
931321.875516 1929905.35324 6
931321.8243 1929905.58666 6
931321.781848 1929905.80891 6
931321.739214 1929906.00897 6
931321.705434 1929906.20896 6
931321.66362 1929906.50887 6
931321.638696 1929906.70878 6
931321.613862 1929906.91979 6
931321.598249 1929907.1751 6
931321.591672 1929907.45253 6
931321.59386 1929907.7188 6
931321.596048 1929907.98506 6
931321.615672 1929908.21789 6
931321.635114 1929908.42854 6
931321.672266 1929908.63904 6
931321.710056 1929908.9272 6
931321.747481 1929909.17098 6
931321.794035 1929909.44798 6
931321.831096 1929909.64738 6
931321.877559 1929909.91328 6
931321.924021 1929910.17918 6
931321.961629 1929910.44515 6
931322.007636 1929910.65558 6
931322.044788 1929910.86608 6
931322.09116 1929911.12089 6
931322.146569 1929911.39781 6
931322.184085 1929911.65268 6
931322.239312 1929911.90742 6
931322.294356 1929912.13996 6
931322.340272 1929912.33929 6
931322.386188 1929912.53863 6
931322.441414 1929912.79336 6
931322.496459 1929913.0259 6
931322.56976 1929913.32486 6
931322.624531 1929913.52413 6
931322.679301 1929913.72339 6
931322.752329 1929913.98907 6
931322.824901 1929914.19928 6
931322.915821 1929914.487 6
931323.024269 1929914.75239 6
931323.09675 1929914.9515 0
931323.195887 1929915.1615 0
931323.277132 1929915.34944 0
931323.376087 1929915.53725 0
931323.510917 1929915.78023 0
931323.645839 1929916.03431 0
931323.762413 1929916.21087 0
931323.905916 1929916.43159 0
931324.040382 1929916.6302 0
931324.174757 1929916.81771 0
931324.31826 1929917.03843 0
931324.470618 1929917.25908 0
931324.631923 1929917.49075 0
931324.793136 1929917.71133 0
931324.936457 1929917.90986 0
931325.070741 1929918.08628 0
931325.205024 1929918.26269 0
931325.339308 1929918.43911 0
931325.473591 1929918.61553 0
931325.625767 1929918.81399 0
931325.786707 1929919.00128 0
931325.929846 1929919.17763 0
931326.081931 1929919.36499 0
931326.260945 1929919.59652 0
931326.457578 1929919.8168 0
931326.645356 1929920.03716 0
931326.824189 1929920.2465 0
931326.985037 1929920.4227 0
931327.154741 1929920.59882 0
931327.297697 1929920.75298 0
931327.458546 1929920.92918 0
931327.645959 1929921.10516 0
931327.815572 1929921.27019 0
931328.020787 1929921.45712 0
931328.235039 1929921.66616 0
931328.440162 1929921.842 0
931328.645195 1929922.00674 0
931328.850227 1929922.17148 0
931329.073061 1929922.34717 0
931329.340352 1929922.54469 0
931329.643245 1929922.7641 0
931329.945956 1929922.96132 0
931330.230684 1929923.12541 0
931330.515502 1929923.30059 0
931330.791193 1929923.44256 0
931331.048991 1929923.56249 0
931331.297933 1929923.68249 0
931331.55564 1929923.79132 0
931331.7866 1929923.87818 0
931332.03536 1929923.976 0
931332.301831 1929924.07366 0
931332.586103 1929924.18228 0
931332.843627 1929924.26892 0
931333.092297 1929924.35564 0
931333.323165 1929924.43141 0
931333.545087 1929924.49616 0
931333.767009 1929924.5609 0
931333.997786 1929924.62558 0
931334.228472 1929924.67916 0
931334.476868 1929924.73259 0
931334.742974 1929924.78588 0
931334.97366 1929924.83946 0
931335.221874 1929924.87071 0
931335.54111 1929924.92356 0
931335.877874 1929924.95408 0
931336.081631 1929924.9635 0
931336.480379 1929924.99351 0
931336.861236 1929925.00148 0
931337.233147 1929924.99842 0
931337.596202 1929924.99544 0
931337.923655 1929924.97056 0
931338.268727 1929924.93444 0
931338.578471 1929924.90971 0
931338.870322 1929924.86293 0
931339.162172 1929924.81615 0
931339.453932 1929924.75828 0
931339.719218 1929924.71172 0
931339.984504 1929924.66516 0
931340.240935 1929924.61868 0
931340.52384 1929924.56088 0
931340.824272 1929924.48074 0
931341.151361 1929924.41149 0
931341.522542 1929924.31968 0
931341.840685 1929924.2394 0
931342.141118 1929924.15927 0
931342.441459 1929924.06804 0
931342.70638 1929923.9771 0
931342.962538 1929923.89733 0
931343.200986 1929923.81771 0
931343.421723 1929923.73823 0
931343.651316 1929923.65868 0
931343.880817 1929923.56804 0
931344.136792 1929923.46608 0
931344.436769 1929923.33047 0
931344.772075 1929923.18349 0
931345.116054 1929923.01423 0
931345.433468 1929922.8452 0
931345.715553 1929922.68756 0
931345.997637 1929922.52991 0
931346.279631 1929922.36117 0
931346.570571 1929922.20345 0
931346.843801 1929922.04587 0
931347.08161 1929921.88859 0
931347.310565 1929921.73138 0
931347.548375 1929921.57409 0
931347.768566 1929921.42805 0
931347.988848 1929921.2931 0
931348.217803 1929921.13589 0
931348.473049 1929920.94518 0
931348.73706 1929920.7433 0
931348.983542 1929920.56375 0
931349.203642 1929920.40662 0
931349.414887 1929920.24955 0
931349.617368 1929920.10365 0
931349.784611 1929919.98023 0
931349.951945 1929919.86791 0
931350.172045 1929919.71077 0
931350.356998 1929919.58721 0
931350.57728 1929919.45226 0
931350.762233 1929919.32869 0
931350.973661 1929919.19382 0
931351.211379 1929919.02544 0
931351.475572 1929918.84575 0
931351.766148 1929918.64365 0
931352.021668 1929918.48622 0
931352.268242 1929918.31777 0
931352.497106 1929918.14947 0
931352.699678 1929918.01466 0
931352.893304 1929917.86884 0
931353.069402 1929917.74535 0
931353.236736 1929917.63302 0
931353.465509 1929917.45362 0
931353.694373 1929917.28532 0
931353.923328 1929917.12811 0
931354.143246 1929916.94878 0
931354.328017 1929916.80303 0
931354.530407 1929916.64604 0
931354.75918 1929916.46664 0
931354.952714 1929916.30972 0
931355.146249 1929916.1528 0
931355.313402 1929916.01828 0
931355.533319 1929915.83896 0
931355.718091 1929915.69321 0
931355.929336 1929915.53614 0
931356.1582 1929915.36784 0
931356.351735 1929915.21092 0
931356.519069 1929915.09859 0
931356.747933 1929914.93029 0
931356.941468 1929914.77337 0
931357.108803 1929914.66104 0
931357.293574 1929914.51529 0
